//Number of items      
200
//Bin Capacity         
100000.00
//Known Best Solution  
57
//Weight of Item		  
35000.00
34970.00
34839.00
34733.00
34369.00
34328.00
34237.00
34229.00
34225.00
34197.00
34154.00
34002.00
33988.00
33977.00
33958.00
33934.00
33891.00
33839.00
33471.00
33218.00
33149.00
32979.00
32940.00
32936.00
32912.00
32902.00
32900.00
32885.00
32802.00
32802.00
32802.00
32708.00
32637.00
32415.00
32403.00
32200.00
32110.00
32068.00
32067.00
32058.00
31950.00
31946.00
31923.00
31919.00
31690.00
31624.00
31562.00
31482.00
31475.00
31450.00
31432.00
31405.00
31363.00
31187.00
31107.00
31088.00
30940.00
30873.00
30866.00
30750.00
30538.00
30527.00
30497.00
30370.00
30347.00
30290.00
30156.00
30140.00
30118.00
30051.00
29845.00
29750.00
29654.00
29646.00
29552.00
29512.00
29415.00
29403.00
29382.00
29300.00
29271.00
29151.00
29131.00
28998.00
28951.00
28937.00
28867.00
28821.00
28820.00
28724.00
28696.00
28489.00
28380.00
28267.00
28252.00
28225.00
28223.00
28105.00
28104.00
28044.00
27900.00
27864.00
27699.00
27668.00
27661.00
27593.00
27589.00
27570.00
27497.00
27416.00
27322.00
27287.00
27271.00
27221.00
26975.00
26881.00
26813.00
26692.00
26591.00
26520.00
26432.00
26337.00
26290.00
26289.00
26219.00
25966.00
25822.00
25563.00
25546.00
25461.00
25442.00
25361.00
25356.00
25281.00
25259.00
25122.00
25078.00
25024.00
24793.00
24790.00
24789.00
24721.00
24714.00
24424.00
24413.00
24341.00
24325.00
24234.00
24198.00
24149.00
24092.00
23920.00
23907.00
23864.00
23811.00
23799.00
23781.00
23671.00
23662.00
23493.00
23299.00
23206.00
23162.00
23139.00
23119.00
23013.00
22984.00
22983.00
22872.00
22846.00
22771.00
22533.00
22467.00
22246.00
22237.00
22217.00
22166.00
22143.00
22140.00
22095.00
22045.00
21930.00
21774.00
21753.00
21744.00
21500.00
21369.00
21289.00
20986.00
20971.00
20920.00
20899.00
20897.00
20892.00
20788.00
20774.00
20738.00
20368.00
20299.00
20139.00
