//Number of items      
200
//Bin Capacity         
100000.00
//Known Best Solution  
57
//Weight of Item		  
34992.00
34948.00
34868.00
34591.00
34582.00
34127.00
34077.00
34055.00
34007.00
34004.00
33990.00
33918.00
33813.00
33780.00
33756.00
33744.00
33700.00
33659.00
33496.00
33484.00
33443.00
33428.00
33369.00
33354.00
33347.00
33191.00
33185.00
33162.00
33110.00
32988.00
32968.00
32879.00
32846.00
32797.00
32708.00
32656.00
32584.00
32486.00
32466.00
32456.00
32440.00
32390.00
32373.00
32353.00
32352.00
32282.00
32187.00
32111.00
32097.00
32084.00
32017.00
31990.00
31917.00
31880.00
31817.00
31752.00
31540.00
31528.00
31471.00
31309.00
31267.00
31232.00
31204.00
30773.00
30703.00
30552.00
30549.00
30515.00
30305.00
30221.00
30162.00
30115.00
30107.00
30072.00
30010.00
29972.00
29704.00
29550.00
29547.00
29547.00
29457.00
29418.00
29325.00
29226.00
29155.00
29034.00
28859.00
28837.00
28652.00
28535.00
28502.00
28423.00
28421.00
28388.00
28386.00
28348.00
27930.00
27919.00
27793.00
27703.00
27669.00
27365.00
27266.00
27096.00
26928.00
26868.00
26848.00
26677.00
26676.00
26673.00
26658.00
26559.00
26507.00
26476.00
26424.00
26421.00
26320.00
26251.00
26224.00
26214.00
26128.00
25943.00
25900.00
25879.00
25852.00
25821.00
25720.00
25655.00
25625.00
25495.00
25455.00
25174.00
25150.00
25104.00
25028.00
24917.00
24898.00
24860.00
24813.00
24682.00
24659.00
24475.00
24370.00
24301.00
24283.00
24273.00
24251.00
24230.00
24199.00
24088.00
24086.00
24084.00
24023.00
23947.00
23872.00
23736.00
23725.00
23609.00
23562.00
23515.00
23453.00
23414.00
23235.00
23078.00
23036.00
22937.00
22932.00
22897.00
22826.00
22680.00
22664.00
22646.00
22523.00
22404.00
22287.00
22240.00
22151.00
21978.00
21963.00
21921.00
21866.00
21747.00
21655.00
21560.00
21464.00
21403.00
21046.00
21041.00
21020.00
20796.00
20778.00
20774.00
20622.00
20603.00
20410.00
20371.00
20248.00
20236.00
20146.00
20091.00
