//Number of items      
200
//Bin Capacity         
100000.00
//Known Best Solution  
57
//Weight of Item		  
34991.00
34949.00
34847.00
34577.00
34461.00
34343.00
34318.00
34316.00
34302.00
34290.00
34282.00
34279.00
34046.00
33944.00
33814.00
33813.00
33753.00
33653.00
33620.00
33584.00
33554.00
33544.00
33426.00
33414.00
33376.00
33273.00
33270.00
33170.00
33034.00
33007.00
32957.00
32897.00
32784.00
32773.00
32528.00
32499.00
32423.00
32400.00
32356.00
32302.00
32090.00
31863.00
31850.00
31841.00
31840.00
31775.00
31773.00
31655.00
31613.00
31608.00
31587.00
31535.00
31378.00
31197.00
31194.00
31179.00
30992.00
30899.00
30780.00
30742.00
30685.00
30645.00
30641.00
30610.00
30498.00
30336.00
30327.00
30271.00
30105.00
29975.00
29957.00
29924.00
29870.00
29815.00
29777.00
29754.00
29658.00
29648.00
29553.00
29481.00
29416.00
29415.00
29410.00
29408.00
29361.00
29316.00
29002.00
28987.00
28947.00
28897.00
28801.00
28636.00
28538.00
28507.00
28435.00
28360.00
28330.00
28063.00
28007.00
27983.00
27937.00
27879.00
27760.00
27715.00
27517.00
27230.00
27146.00
27072.00
27028.00
26985.00
26894.00
26840.00
26799.00
26797.00
26717.00
26582.00
26511.00
26472.00
26469.00
26386.00
26301.00
26117.00
26110.00
26031.00
26030.00
25705.00
25532.00
25524.00
25499.00
25441.00
25421.00
25356.00
25310.00
25227.00
25118.00
25073.00
24989.00
24955.00
24844.00
24792.00
24625.00
24562.00
24526.00
24451.00
24299.00
24290.00
23927.00
23885.00
23873.00
23850.00
23795.00
23583.00
23473.00
23438.00
23408.00
23354.00
23328.00
23260.00
23145.00
23128.00
22994.00
22744.00
22687.00
22596.00
22581.00
22516.00
22467.00
22412.00
22337.00
22253.00
22226.00
22206.00
22177.00
22036.00
21997.00
21933.00
21807.00
21749.00
21669.00
21656.00
21585.00
21525.00
21506.00
21437.00
21415.00
21316.00
21222.00
21214.00
21098.00
20944.00
20819.00
20718.00
20709.00
20488.00
20458.00
20422.00
20324.00
20233.00
20137.00
20008.00
