//Number of items      		
200		
//Bin Capacity         		
100000		
//Known Best Solution  		
56		
//Weight of Item		  
34991.00		
34941.00		
34922.00		
34866.00		
34849.00		
34771.00		
34768.00		
34748.00		
34544.00		
34358.00
34254.00
34155.00
34098.00
34076.00
34055.00
34048.00
34029.00
33990.00
33871.00
33780.00
33750.00
33654.00
33612.00
33581.00
33430.00
33260.00
33197.00
33155.00
33115.00
33007.00
32989.00
32795.00
32708.00
32394.00
32384.00
32309.00
32193.00
32039.00
32038.00
32008.00
31995.00
31961.00
31946.00
31865.00
31839.00
31829.00
31692.00
31633.00
31354.00
31169.00
31141.00
31006.00
30929.00
30843.00
30842.00
30807.00
30741.00
30514.00
30395.00
30387.00
30341.00
30296.00
30287.00
30284.00
30140.00
30135.00
30063.00
29975.00
29933.00
29859.00
29735.00
29730.00
29703.00
29525.00
29518.00
29423.00
29378.00
29234.00
29218.00
29178.00
29092.00
29089.00
28947.00
28647.00
28574.00
28550.00
28547.00
28471.00
28461.00
28299.00
28267.00
28252.00
28251.00
28159.00
28009.00
28003.00
27967.00
27852.00
27811.00
27664.00
27508.00
27413.00
27409.00
27184.00
27162.00
27113.00
27099.00
27048.00
27041.00
26733.00
26506.00
26362.00
26183.00
25997.00
25976.00
25897.00
25856.00
25784.00
25700.00
25668.00
25641.00
25522.00
25490.00
25433.00
25408.00
25322.00
25299.00
25237.00
25091.00
25057.00
25015.00
24990.00
24974.00
24939.00
24834.00
24777.00
24743.00
24625.00
24555.00
24449.00
24367.00
24340.00
24329.00
24126.00
24085.00
24050.00
24020.00
23999.00
23989.00
23974.00
23928.00
23837.00
23836.00
23565.00
23491.00
23422.00
23417.00
23205.00
23195.00
23156.00
23092.00
22712.00
22644.00
22417.00
22392.00
22281.00
22239.00
22212.00
22067.00
22045.00
22042.00
22003.00
21866.00
21851.00
21849.00
21713.00
21674.00
21608.00
21607.00
21594.00
21401.00
21296.00
21239.00
21180.00
21128.00
21059.00
20954.00
20948.00
20947.00
20813.00
20755.00
20725.00
20693.00
20585.00
20513.00
20431.00
20338.00
20310.00
20296.00
20081.00
