//Number of items      
200
//Bin Capacity         
100000.00
//Known Best Solution  
55
//Weight of Item		  
34746.00
34740.00
34738.00
34679.00
34566.00
34566.00
34437.00
34404.00
34037.00
33786.00
33749.00
33609.00
33606.00
33587.00
33508.00
33490.00
33363.00
33346.00
33279.00
33269.00
33211.00
33145.00
33032.00
33000.00
32818.00
32811.00
32703.00
32481.00
32478.00
32414.00
32307.00
32032.00
32009.00
31971.00
31940.00
31937.00
31851.00
31751.00
31678.00
31598.00
31575.00
31503.00
31491.00
31462.00
31449.00
31414.00
31299.00
31232.00
31037.00
31025.00
30940.00
30934.00
30865.00
30720.00
30704.00
30677.00
30499.00
30394.00
30265.00
30264.00
30249.00
30188.00
29896.00
29750.00
29750.00
29623.00
29553.00
29435.00
29404.00
29376.00
29288.00
29280.00
29216.00
29162.00
29068.00
29036.00
29022.00
28885.00
28758.00
28746.00
28566.00
28462.00
28308.00
28077.00
27961.00
27896.00
27800.00
27680.00
27509.00
27509.00
27504.00
27482.00
27474.00
27402.00
27327.00
27302.00
27299.00
27237.00
27205.00
27169.00
27019.00
27008.00
26993.00
26946.00
26737.00
26667.00
26663.00
26635.00
26506.00
26375.00
26310.00
26229.00
26132.00
26075.00
26036.00
26011.00
25993.00
25726.00
25604.00
25579.00
25501.00
25466.00
25454.00
25349.00
25296.00
25225.00
25143.00
25050.00
25028.00
24838.00
24796.00
24724.00
24688.00
24585.00
24518.00
24458.00
24451.00
24312.00
24256.00
24239.00
24212.00
24175.00
23857.00
23791.00
23680.00
23452.00
23406.00
23405.00
23369.00
23367.00
23346.00
23336.00
23290.00
23174.00
23096.00
23070.00
23057.00
22950.00
22917.00
22896.00
22893.00
22823.00
22781.00
22678.00
22352.00
22351.00
22308.00
22268.00
22220.00
22217.00
22195.00
22097.00
22063.00
22036.00
21965.00
21856.00
21751.00
21615.00
21613.00
21585.00
21415.00
21346.00
21328.00
21310.00
21299.00
21269.00
21267.00
21117.00
20919.00
20903.00
20847.00
20778.00
20773.00
20740.00
20664.00
20633.00
20600.00
20530.00
20423.00
20033.00
