//Number of items      
200
//Bin Capacity         
100000.00
//Known Best Solution  
56
//Weight of Item		  
34955.00
34773.00
34641.00
34529.00
34478.00
34453.00
34441.00
34399.00
34131.00
34102.00
33996.00
33978.00
33732.00
33523.00
33445.00
33437.00
33428.00
33386.00
33338.00
33183.00
33140.00
33108.00
33076.00
33005.00
32986.00
32984.00
32859.00
32819.00
32749.00
32681.00
32620.00
32582.00
32504.00
32425.00
32417.00
31766.00
31717.00
31699.00
31648.00
31566.00
31505.00
31373.00
31355.00
31273.00
31264.00
31216.00
31064.00
31008.00
30918.00
30905.00
30751.00
30724.00
30707.00
30689.00
30617.00
30592.00
30519.00
30459.00
30315.00
30297.00
30279.00
30246.00
30246.00
30148.00
30138.00
30069.00
29962.00
29899.00
29898.00
29737.00
29735.00
29626.00
29590.00
29495.00
29434.00
29159.00
29063.00
28917.00
28862.00
28709.00
28678.00
28524.00
28426.00
28296.00
28231.00
28213.00
28210.00
28198.00
27960.00
27628.00
27622.00
27502.00
27473.00
27345.00
27330.00
27323.00
27301.00
27240.00
27120.00
27090.00
27015.00
26845.00
26839.00
26828.00
26636.00
26607.00
26570.00
26554.00
26311.00
26308.00
26270.00
26225.00
26219.00
26211.00
26088.00
26067.00
26060.00
25994.00
25942.00
25920.00
25916.00
25866.00
25827.00
25735.00
25600.00
25561.00
25504.00
25443.00
25437.00
25380.00
25097.00
25077.00
25071.00
25054.00
25037.00
24941.00
24933.00
24871.00
24843.00
24788.00
24751.00
24720.00
24594.00
24565.00
24361.00
24312.00
24168.00
24153.00
24152.00
24145.00
24109.00
24088.00
23852.00
23829.00
23766.00
23654.00
23630.00
23572.00
23482.00
23379.00
23172.00
23012.00
22937.00
22936.00
22897.00
22887.00
22886.00
22876.00
22689.00
22673.00
22670.00
22542.00
22345.00
22262.00
22199.00
22131.00
22109.00
22095.00
21958.00
21712.00
21642.00
21440.00
21345.00
21296.00
21156.00
21147.00
21122.00
21048.00
21036.00
21031.00
21021.00
20960.00
20812.00
20646.00
20500.00
20443.00
20409.00
20385.00
20382.00
20000.00
