//Number of items      
200
//Bin Capacity         
100000.00
//Known Best Solution  
55
//Weight of Item		  
34808.00
34689.00
34603.00
34583.00
34336.00
34297.00
34244.00
34192.00
34092.00
34045.00
34030.00
33976.00
33959.00
33872.00
33820.00
33736.00
33641.00
33592.00
33405.00
33362.00
33333.00
33299.00
33253.00
33242.00
33223.00
33120.00
33093.00
33067.00
32733.00
32256.00
32193.00
32094.00
32003.00
31894.00
31788.00
31746.00
31734.00
31720.00
31675.00
31651.00
31648.00
31618.00
31611.00
31599.00
31598.00
31312.00
31095.00
31062.00
30853.00
30793.00
30691.00
30599.00
30567.00
30537.00
30462.00
30436.00
30264.00
30246.00
30218.00
30053.00
30037.00
29942.00
29941.00
29879.00
29779.00
29746.00
29688.00
29682.00
29641.00
29633.00
29563.00
29462.00
29461.00
29450.00
29356.00
29299.00
29288.00
29280.00
29235.00
29169.00
29129.00
28955.00
28954.00
28671.00
28437.00
28336.00
28269.00
28200.00
28000.00
27973.00
27968.00
27914.00
27885.00
27759.00
27741.00
27653.00
27567.00
27563.00
26904.00
26550.00
26402.00
26366.00
26361.00
26348.00
26225.00
26139.00
26108.00
25991.00
25718.00
25683.00
25639.00
25462.00
25290.00
25228.00
25136.00
25043.00
25038.00
24962.00
24892.00
24823.00
24803.00
24768.00
24621.00
24559.00
24441.00
24419.00
24381.00
24250.00
24235.00
24093.00
24083.00
24065.00
24060.00
23974.00
23868.00
23833.00
23636.00
23633.00
23581.00
23523.00
23445.00
23413.00
23317.00
23202.00
23160.00
23150.00
23117.00
22977.00
22959.00
22955.00
22947.00
22915.00
22833.00
22755.00
22739.00
22603.00
22592.00
22557.00
22554.00
22530.00
22354.00
22313.00
22306.00
22095.00
22092.00
22021.00
21948.00
21934.00
21913.00
21855.00
21594.00
21564.00
21543.00
21518.00
21440.00
21389.00
21370.00
21205.00
21174.00
21027.00
20984.00
20969.00
20932.00
20900.00
20844.00
20816.00
20721.00
20694.00
20584.00
20533.00
20490.00
20476.00
20343.00
20332.00
20260.00
20173.00
20162.00
20157.00
20131.00
20017.00
