//Number of items      
200
//Bin Capacity         
100000.00
//Known Best Solution  
56
//Weight of Item		  
34978.00
34849.00
34703.00
34608.00
34598.00
34524.00
34356.00
34308.00
34069.00
34049.00
33895.00
33842.00
33806.00
33738.00
33716.00
33590.00
33546.00
33507.00
33468.00
33465.00
33383.00
33190.00
33075.00
32976.00
32897.00
32762.00
32696.00
32638.00
32553.00
32398.00
32230.00
32176.00
31967.00
31954.00
31903.00
31782.00
31724.00
31686.00
31597.00
31561.00
31532.00
31499.00
31346.00
30943.00
30915.00
30869.00
30766.00
30683.00
30678.00
30644.00
30559.00
30448.00
30315.00
30238.00
30125.00
29974.00
29947.00
29890.00
29886.00
29858.00
29856.00
29783.00
29697.00
29438.00
29427.00
29301.00
29174.00
29173.00
29123.00
29117.00
29116.00
29095.00
29094.00
29063.00
29041.00
29038.00
28977.00
28946.00
28921.00
28910.00
28842.00
28703.00
28360.00
28350.00
28305.00
28302.00
28225.00
28160.00
28094.00
28040.00
28020.00
27901.00
27775.00
27765.00
27688.00
27439.00
27425.00
27394.00
27365.00
27349.00
27284.00
27180.00
26935.00
26881.00
26867.00
26795.00
26703.00
26651.00
26550.00
26432.00
26375.00
26368.00
26244.00
26204.00
26192.00
26181.00
26158.00
26133.00
26067.00
25945.00
25906.00
25759.00
25698.00
25688.00
25652.00
25615.00
25530.00
25528.00
25366.00
25324.00
25273.00
25142.00
24852.00
24846.00
24658.00
24592.00
24564.00
24463.00
24457.00
24374.00
24359.00
24332.00
23987.00
23956.00
23952.00
23932.00
23895.00
23837.00
23795.00
23774.00
23663.00
23621.00
23502.00
23453.00
23430.00
23366.00
23178.00
23090.00
22991.00
22942.00
22743.00
22442.00
22432.00
22415.00
22338.00
22134.00
22081.00
22014.00
21950.00
21948.00
21796.00
21784.00
21727.00
21722.00
21557.00
21498.00
21480.00
21315.00
21193.00
21127.00
21060.00
20997.00
20837.00
20813.00
20693.00
20693.00
20686.00
20677.00
20676.00
20664.00
20663.00
20634.00
20616.00
20570.00
20566.00
20496.00
20441.00
20307.00
20226.00
20114.00
