//Number of items      
200
//Bin Capacity         
100000.00
//Known Best Solution  
57
//Weight of Item		  
34973.00
34910.00
34885.00
34807.00
34720.00
34655.00
34630.00
34613.00
34536.00
34230.00
34226.00
34172.00
34069.00
34069.00
34066.00
33902.00
33843.00
33761.00
33637.00
33632.00
33429.00
33351.00
33343.00
33303.00
33300.00
33259.00
33070.00
33045.00
33022.00
32986.00
32881.00
32785.00
32759.00
32649.00
32583.00
32560.00
32558.00
32545.00
32380.00
32332.00
32297.00
32113.00
32077.00
31943.00
31916.00
31787.00
31770.00
31719.00
31718.00
31701.00
31652.00
31641.00
31470.00
31269.00
31227.00
31138.00
31006.00
30831.00
30828.00
30814.00
30582.00
30580.00
30561.00
30379.00
30371.00
30339.00
30150.00
30125.00
30104.00
30098.00
30075.00
30039.00
29907.00
29860.00
29627.00
29547.00
29532.00
29516.00
29404.00
29313.00
29268.00
29186.00
29179.00
29139.00
29051.00
28932.00
28820.00
28716.00
28692.00
28436.00
28360.00
28321.00
28298.00
28086.00
27954.00
27911.00
27758.00
27642.00
27627.00
27616.00
27464.00
27393.00
27334.00
27321.00
27202.00
27080.00
27032.00
26978.00
26794.00
26705.00
26671.00
26630.00
26449.00
26409.00
26354.00
26345.00
26307.00
26278.00
26192.00
26188.00
26112.00
26014.00
25959.00
25808.00
25806.00
25741.00
25655.00
25640.00
25611.00
25609.00
25491.00
25344.00
25233.00
25134.00
25028.00
24967.00
24931.00
24870.00
24584.00
24512.00
24507.00
24476.00
24424.00
24413.00
24382.00
24363.00
24356.00
24200.00
24129.00
24089.00
24064.00
24043.00
23991.00
23866.00
23765.00
23632.00
23595.00
23547.00
23483.00
23378.00
23335.00
23324.00
23302.00
23232.00
23224.00
23147.00
23088.00
22948.00
22922.00
22886.00
22778.00
22618.00
22513.00
22487.00
22450.00
22433.00
22345.00
22237.00
22232.00
22149.00
22041.00
21753.00
21720.00
21711.00
21649.00
21634.00
21577.00
21473.00
21472.00
20895.00
20817.00
20619.00
20613.00
20598.00
20565.00
20433.00
20395.00
20348.00
20081.00
20050.00
