//Number of items      
200
//Bin Capacity         
100000.00
//Known Best Solution  
56
//Weight of Item		  
34953.00
34942.00
34849.00
34732.00
34683.00
34640.00
34590.00
34446.00
34315.00
34314.00
34236.00
34088.00
34060.00
33942.00
33861.00
33858.00
33811.00
33800.00
33764.00
33725.00
33709.00
33475.00
33415.00
33402.00
33367.00
33286.00
33280.00
33093.00
33083.00
33047.00
33005.00
32966.00
32931.00
32906.00
32787.00
32731.00
32716.00
32708.00
32670.00
32651.00
32621.00
32560.00
32555.00
32544.00
32387.00
32363.00
32186.00
32143.00
32094.00
32072.00
31982.00
31912.00
31830.00
31759.00
31646.00
31641.00
31548.00
31505.00
31411.00
31408.00
31383.00
31192.00
31155.00
31153.00
31083.00
30955.00
30726.00
30648.00
30531.00
30528.00
30369.00
30250.00
30226.00
30165.00
30111.00
29999.00
29973.00
29899.00
29787.00
29512.00
29509.00
29501.00
29429.00
28933.00
28887.00
28882.00
28849.00
28841.00
28823.00
28595.00
28497.00
28486.00
28399.00
28269.00
28099.00
28021.00
28006.00
27873.00
27850.00
27672.00
27670.00
27607.00
27402.00
27317.00
27290.00
27211.00
27163.00
27104.00
27052.00
27012.00
26866.00
26786.00
26656.00
26598.00
26477.00
26474.00
26470.00
26411.00
26397.00
26352.00
26176.00
26155.00
26076.00
26019.00
25983.00
25932.00
25802.00
25702.00
25474.00
25412.00
25279.00
25253.00
25192.00
25058.00
25039.00
24864.00
24654.00
24595.00
24508.00
24497.00
24496.00
24376.00
24345.00
24324.00
24250.00
24202.00
24093.00
24069.00
23977.00
23833.00
23793.00
23758.00
23407.00
23207.00
23152.00
23080.00
23023.00
22961.00
22772.00
22764.00
22743.00
22739.00
22695.00
22660.00
22655.00
22649.00
22587.00
22582.00
22579.00
22579.00
22576.00
22572.00
22467.00
22412.00
22346.00
22284.00
22190.00
21694.00
21671.00
21599.00
21567.00
21546.00
21502.00
21499.00
21459.00
21338.00
21299.00
21148.00
21132.00
21004.00
20926.00
20822.00
20818.00
20701.00
20654.00
20643.00
20633.00
20474.00
20396.00
20009.00
