//Number of items      
50
//Bin Capacity         
1000.00
//Known Best Solution  
15
//Weight of Item		  
624.00
617.00
601.00
599.00
583.00
553.00
513.00
484.00
478.00
468.00
466.00
465.00
462.00
421.00
410.00
403.00
370.00
368.00
358.00
353.00
347.00
325.00
321.00
318.00
281.00
262.00
253.00
237.00
215.00
201.00
194.00
184.00
183.00
173.00
159.00
158.00
148.00
140.00
133.00
123.00
116.00
87.00
84.00
81.00
78.00
77.00
74.00
57.00
51.00
46.00
