//Number of items      
50
//Bin Capacity         
1000.00
//Known Best Solution  
19
//Weight of Item		  
627.00
626.00
604.00
580.00
565.00
546.00
540.00
524.00
517.00
509.00
506.00
489.00
485.00
481.00
476.00
472.00
446.00
441.00
426.00
411.00
410.00
407.00
404.00
390.00
385.00
379.00
374.00
368.00
364.00
354.00
351.00
345.00
316.00
303.00
300.00
287.00
282.00
232.00
203.00
197.00
166.00
153.00
137.00
136.00
124.00
120.00
111.00
99.00
96.00
88.00
