//Number of items      
50
//Bin Capacity         
1000.00
//Known Best Solution  
17
//Weight of Item		  
396.00
394.00
388.00
381.00
380.00
378.00
377.00
377.00
372.00
363.00
359.00
358.00
358.00
358.00
353.00
352.00
352.00
350.00
350.00
349.00
346.00
340.00
337.00
333.00
332.00
328.00
326.00
323.00
319.00
317.00
313.00
312.00
309.00
298.00
297.00
295.00
295.00
294.00
286.00
285.00
285.00
282.00
281.00
280.00
278.00
278.00
276.00
275.00
274.00
271.00
