//Number of items      
50
//Bin Capacity         
1000.00
//Known Best Solution  
16
//Weight of Item		  
623.00
596.00
581.00
568.00
568.00
563.00
544.00
517.00
481.00
478.00
467.00
444.00
428.00
408.00
398.00
387.00
382.00
378.00
364.00
363.00
357.00
356.00
353.00
343.00
341.00
330.00
304.00
300.00
260.00
252.00
252.00
252.00
239.00
221.00
217.00
195.00
178.00
163.00
156.00
153.00
147.00
144.00
143.00
143.00
138.00
137.00
127.00
78.00
68.00
59.00
