//Number of items      
50
//Bin Capacity         
1000.00
//Known Best Solution  
18
//Weight of Item		  
495.00
492.00
489.00
488.00
487.00
487.00
486.00
475.00
473.00
469.00
469.00
463.00
455.00
454.00
452.00
432.00
430.00
404.00
401.00
396.00
396.00
377.00
368.00
352.00
344.00
341.00
321.00
311.00
309.00
288.00
285.00
282.00
275.00
274.00
266.00
256.00
252.00
245.00
244.00
238.00
227.00
226.00
213.00
207.00
203.00
203.00
197.00
196.00
170.00
168.00
