//Number of items      
50
//Bin Capacity         
1000.00
//Known Best Solution  
11
//Weight of Item		  
299.00
295.00
293.00
292.00
282.00
278.00
273.00
271.00
270.00
267.00
263.00
260.00
259.00
256.00
255.00
254.00
245.00
238.00
229.00
228.00
228.00
228.00
228.00
226.00
206.00
205.00
204.00
198.00
196.00
195.00
191.00
163.00
160.00
153.00
151.00
149.00
148.00
145.00
144.00
143.00
137.00
137.00
132.00
132.00
127.00
124.00
120.00
114.00
109.00
105.00
