//Number of items      
50
//Bin Capacity         
1000.00
//Known Best Solution  
10
//Weight of Item		  
295.00
285.00
276.00
275.00
270.00
268.00
266.00
265.00
257.00
254.00
246.00
242.00
242.00
241.00
241.00
236.00
231.00
231.00
229.00
224.00
223.00
216.00
215.00
209.00
207.00
200.00
195.00
194.00
178.00
177.00
177.00
159.00
150.00
149.00
146.00
143.00
143.00
141.00
139.00
139.00
136.00
131.00
130.00
125.00
116.00
115.00
113.00
113.00
103.00
102.00
