//Number of items      
50
//Bin Capacity         
1000.00
//Known Best Solution  
7
//Weight of Item		  
205.00
201.00
200.00
200.00
189.00
187.00
180.00
177.00
173.00
170.00
169.00
167.00
166.00
162.00
160.00
151.00
151.00
146.00
145.00
144.00
143.00
143.00
142.00
142.00
141.00
139.00
137.00
137.00
131.00
130.00
125.00
122.00
120.00
120.00
119.00
116.00
107.00
104.00
95.00
92.00
91.00
90.00
88.00
85.00
84.00
83.00
83.00
79.00
76.00
73.00
