//Number of items      
100
//Bin Capacity         
100.00
//Known Best Solution  
45
//Weight of Item		  
100.00
99.00
96.00
96.00
95.00
94.00
94.00
93.00
91.00
89.00
89.00
88.00
81.00
80.00
75.00
74.00
73.00
72.00
69.00
69.00
69.00
68.00
64.00
63.00
63.00
62.00
61.00
58.00
57.00
57.00
57.00
57.00
56.00
56.00
54.00
54.00
54.00
51.00
49.00
49.00
49.00
48.00
48.00
48.00
48.00
48.00
48.00
47.00
47.00
47.00
44.00
43.00
43.00
41.00
40.00
40.00
39.00
38.00
38.00
36.00
35.00
33.00
31.00
30.00
30.00
30.00
30.00
29.00
29.00
28.00
25.00
25.00
23.00
23.00
20.00
19.00
18.00
16.00
15.00
14.00
14.00
14.00
12.00
12.00
11.00
10.00
9.00
9.00
8.00
8.00
8.00
7.00
7.00
7.00
5.00
4.00
4.00
3.00
2.00
2.00
