//Number of items      
100
//Bin Capacity         
100.00
//Known Best Solution  
68
//Weight of Item		  
98.00
96.00
95.00
95.00
94.00
94.00
92.00
91.00
89.00
88.00
86.00
85.00
84.00
84.00
83.00
83.00
82.00
82.00
81.00
80.00
80.00
79.00
77.00
77.00
77.00
75.00
75.00
75.00
75.00
75.00
72.00
71.00
70.00
69.00
68.00
68.00
66.00
66.00
66.00
66.00
64.00
64.00
64.00
64.00
63.00
62.00
62.00
61.00
59.00
58.00
58.00
58.00
57.00
56.00
56.00
56.00
56.00
55.00
55.00
54.00
54.00
53.00
51.00
51.00
51.00
50.00
50.00
49.00
49.00
49.00
48.00
48.00
48.00
45.00
45.00
44.00
43.00
41.00
40.00
40.00
36.00
34.00
33.00
32.00
32.00
32.00
29.00
27.00
27.00
27.00
27.00
25.00
25.00
25.00
24.00
23.00
23.00
21.00
21.00
20.00
