//Number of items      
100
//Bin Capacity         
100.00
//Known Best Solution  
50
//Weight of Item		  
100.00
100.00
99.00
97.00
96.00
96.00
95.00
95.00
95.00
94.00
93.00
93.00
92.00
92.00
91.00
89.00
85.00
84.00
78.00
76.00
76.00
76.00
76.00
75.00
73.00
73.00
70.00
70.00
69.00
67.00
67.00
66.00
63.00
62.00
60.00
60.00
60.00
58.00
56.00
55.00
53.00
53.00
52.00
51.00
50.00
50.00
50.00
49.00
49.00
48.00
47.00
47.00
46.00
45.00
45.00
42.00
41.00
41.00
39.00
37.00
36.00
36.00
35.00
34.00
34.00
30.00
30.00
29.00
29.00
28.00
28.00
26.00
26.00
23.00
22.00
22.00
22.00
22.00
21.00
21.00
21.00
19.00
18.00
17.00
17.00
15.00
14.00
14.00
11.00
10.00
8.00
7.00
7.00
6.00
5.00
2.00
2.00
1.00
1.00
1.00
