//Number of items      
100
//Bin Capacity         
100.00
//Known Best Solution  
54
//Weight of Item		  
99.00
99.00
96.00
96.00
95.00
93.00
92.00
92.00
91.00
91.00
90.00
90.00
88.00
88.00
87.00
86.00
83.00
83.00
83.00
83.00
81.00
81.00
80.00
80.00
78.00
78.00
76.00
76.00
74.00
73.00
72.00
72.00
70.00
69.00
69.00
68.00
67.00
66.00
58.00
57.00
56.00
55.00
55.00
55.00
54.00
54.00
54.00
54.00
53.00
51.00
51.00
51.00
48.00
48.00
47.00
47.00
47.00
46.00
46.00
46.00
45.00
44.00
43.00
43.00
43.00
42.00
41.00
40.00
40.00
35.00
34.00
31.00
29.00
26.00
24.00
24.00
23.00
23.00
22.00
22.00
22.00
21.00
20.00
18.00
17.00
17.00
15.00
14.00
12.00
12.00
11.00
9.00
9.00
8.00
6.00
4.00
3.00
3.00
1.00
1.00
