//Number of items      
100
//Bin Capacity         
100.00
//Known Best Solution  
70
//Weight of Item		  
99.00
98.00
98.00
97.00
97.00
97.00
95.00
94.00
94.00
94.00
93.00
93.00
91.00
91.00
90.00
89.00
89.00
88.00
88.00
87.00
86.00
83.00
83.00
82.00
82.00
81.00
81.00
80.00
80.00
79.00
79.00
78.00
76.00
74.00
73.00
73.00
72.00
71.00
71.00
70.00
70.00
70.00
68.00
68.00
67.00
66.00
66.00
65.00
64.00
64.00
61.00
61.00
60.00
59.00
59.00
57.00
56.00
56.00
56.00
56.00
56.00
55.00
54.00
53.00
51.00
51.00
51.00
51.00
50.00
50.00
50.00
49.00
47.00
47.00
47.00
46.00
46.00
45.00
45.00
43.00
43.00
42.00
41.00
40.00
40.00
39.00
39.00
38.00
38.00
37.00
35.00
34.00
34.00
34.00
33.00
33.00
32.00
30.00
30.00
30.00
