//Number of items      
100
//Bin Capacity         
100.00
//Known Best Solution  
46
//Weight of Item		  
99.00
98.00
97.00
97.00
96.00
94.00
94.00
94.00
93.00
90.00
84.00
82.00
81.00
78.00
76.00
76.00
75.00
75.00
73.00
70.00
70.00
69.00
69.00
66.00
66.00
65.00
65.00
65.00
63.00
61.00
60.00
59.00
59.00
59.00
58.00
58.00
56.00
55.00
54.00
54.00
53.00
53.00
50.00
50.00
50.00
48.00
48.00
47.00
46.00
45.00
45.00
45.00
45.00
41.00
41.00
40.00
39.00
39.00
36.00
36.00
35.00
35.00
34.00
33.00
33.00
31.00
30.00
29.00
28.00
27.00
26.00
26.00
24.00
24.00
19.00
19.00
19.00
18.00
18.00
18.00
18.00
16.00
14.00
14.00
13.00
12.00
11.00
11.00
10.00
10.00
10.00
7.00
7.00
6.00
6.00
6.00
4.00
3.00
1.00
1.00
