//Number of items      
100
//Bin Capacity         
100.00
//Known Best Solution  
62
//Weight of Item		  
99.00
98.00
97.00
96.00
95.00
95.00
94.00
94.00
94.00
90.00
88.00
86.00
86.00
86.00
86.00
85.00
85.00
85.00
85.00
85.00
83.00
83.00
82.00
81.00
81.00
80.00
80.00
79.00
79.00
78.00
77.00
77.00
76.00
76.00
76.00
75.00
75.00
74.00
74.00
74.00
72.00
71.00
69.00
67.00
67.00
66.00
66.00
65.00
65.00
63.00
61.00
61.00
59.00
59.00
57.00
57.00
56.00
56.00
55.00
54.00
53.00
49.00
48.00
46.00
45.00
41.00
39.00
39.00
38.00
38.00
37.00
37.00
36.00
36.00
35.00
32.00
30.00
30.00
30.00
28.00
28.00
28.00
27.00
26.00
26.00
25.00
24.00
23.00
22.00
22.00
17.00
17.00
13.00
11.00
10.00
10.00
6.00
3.00
2.00
1.00
