//Number of items      
100
//Bin Capacity         
100.00
//Known Best Solution  
67
//Weight of Item		  
99.00
97.00
96.00
95.00
95.00
95.00
94.00
94.00
94.00
93.00
92.00
90.00
90.00
89.00
89.00
89.00
89.00
89.00
89.00
88.00
88.00
86.00
86.00
85.00
85.00
85.00
84.00
84.00
83.00
82.00
82.00
80.00
79.00
78.00
78.00
78.00
77.00
77.00
77.00
76.00
75.00
75.00
69.00
67.00
66.00
66.00
66.00
65.00
65.00
65.00
64.00
64.00
62.00
62.00
58.00
58.00
58.00
58.00
58.00
55.00
54.00
53.00
53.00
51.00
50.00
50.00
50.00
49.00
49.00
46.00
45.00
42.00
42.00
42.00
41.00
40.00
39.00
39.00
37.00
37.00
37.00
37.00
35.00
33.00
33.00
32.00
31.00
30.00
29.00
28.00
26.00
25.00
21.00
21.00
21.00
21.00
21.00
20.00
20.00
20.00
