//Number of items      
100
//Bin Capacity         
100.00
//Known Best Solution  
60
//Weight of Item		  
99.00
96.00
93.00
93.00
93.00
92.00
92.00
91.00
90.00
89.00
88.00
88.00
88.00
87.00
87.00
86.00
84.00
84.00
82.00
81.00
80.00
80.00
80.00
79.00
79.00
79.00
79.00
76.00
75.00
75.00
75.00
75.00
75.00
74.00
74.00
73.00
71.00
68.00
64.00
62.00
61.00
61.00
61.00
60.00
58.00
58.00
58.00
58.00
57.00
57.00
57.00
55.00
54.00
53.00
52.00
51.00
51.00
51.00
50.00
50.00
47.00
45.00
44.00
41.00
40.00
39.00
39.00
39.00
38.00
36.00
36.00
35.00
35.00
34.00
33.00
32.00
31.00
30.00
30.00
29.00
29.00
29.00
28.00
24.00
22.00
21.00
19.00
19.00
18.00
10.00
9.00
8.00
8.00
7.00
6.00
5.00
5.00
4.00
3.00
2.00
