//Number of items      
100
//Bin Capacity         
100.00
//Known Best Solution  
64
//Weight of Item		  
100.00
100.00
100.00
99.00
99.00
98.00
96.00
95.00
95.00
94.00
93.00
93.00
92.00
90.00
90.00
89.00
86.00
86.00
85.00
85.00
84.00
83.00
82.00
82.00
82.00
81.00
80.00
79.00
77.00
77.00
77.00
76.00
75.00
75.00
75.00
74.00
73.00
71.00
71.00
69.00
68.00
67.00
67.00
67.00
65.00
63.00
63.00
60.00
57.00
56.00
56.00
55.00
55.00
54.00
54.00
54.00
53.00
53.00
51.00
51.00
47.00
46.00
46.00
45.00
45.00
45.00
44.00
44.00
44.00
44.00
43.00
41.00
40.00
40.00
39.00
39.00
39.00
39.00
38.00
36.00
36.00
34.00
33.00
33.00
32.00
32.00
31.00
30.00
29.00
28.00
26.00
25.00
24.00
24.00
23.00
22.00
22.00
22.00
21.00
20.00
