//Number of items      
100
//Bin Capacity         
100.00
//Known Best Solution  
73
//Weight of Item		  
99.00
99.00
98.00
97.00
97.00
96.00
96.00
95.00
95.00
95.00
94.00
94.00
94.00
94.00
91.00
91.00
89.00
88.00
87.00
86.00
86.00
85.00
84.00
83.00
82.00
82.00
82.00
81.00
81.00
79.00
78.00
78.00
76.00
76.00
76.00
76.00
73.00
72.00
71.00
71.00
70.00
70.00
70.00
69.00
69.00
69.00
69.00
69.00
68.00
68.00
67.00
66.00
65.00
64.00
61.00
61.00
61.00
61.00
60.00
60.00
59.00
59.00
58.00
57.00
57.00
55.00
54.00
54.00
48.00
45.00
45.00
44.00
44.00
43.00
42.00
42.00
42.00
42.00
41.00
41.00
39.00
38.00
37.00
37.00
36.00
36.00
35.00
35.00
35.00
35.00
34.00
34.00
34.00
33.00
33.00
32.00
31.00
31.00
31.00
30.00
