//Number of items      
100
//Bin Capacity         
100.00
//Known Best Solution  
49
//Weight of Item		  
100.00
99.00
99.00
98.00
98.00
96.00
96.00
93.00
89.00
84.00
84.00
83.00
83.00
82.00
81.00
80.00
79.00
79.00
79.00
79.00
78.00
77.00
76.00
75.00
74.00
71.00
71.00
70.00
69.00
69.00
68.00
67.00
67.00
66.00
62.00
56.00
55.00
54.00
53.00
51.00
50.00
50.00
50.00
49.00
48.00
48.00
47.00
45.00
45.00
45.00
42.00
42.00
42.00
41.00
41.00
40.00
40.00
39.00
38.00
37.00
36.00
36.00
34.00
34.00
33.00
32.00
32.00
31.00
29.00
28.00
28.00
28.00
26.00
24.00
24.00
22.00
22.00
22.00
21.00
18.00
18.00
17.00
17.00
15.00
14.00
14.00
12.00
12.00
11.00
10.00
10.00
9.00
8.00
7.00
7.00
5.00
3.00
3.00
2.00
2.00
