//Number of items      
100
//Bin Capacity         
100.00
//Known Best Solution  
48
//Weight of Item		  
100.00
100.00
98.00
97.00
95.00
94.00
92.00
92.00
92.00
91.00
90.00
89.00
89.00
88.00
88.00
88.00
87.00
85.00
84.00
83.00
81.00
79.00
79.00
77.00
77.00
76.00
72.00
70.00
70.00
69.00
69.00
68.00
64.00
63.00
62.00
62.00
61.00
61.00
60.00
59.00
59.00
58.00
57.00
55.00
52.00
52.00
51.00
47.00
47.00
46.00
43.00
43.00
42.00
37.00
36.00
35.00
35.00
35.00
35.00
34.00
32.00
32.00
31.00
31.00
29.00
29.00
28.00
28.00
25.00
23.00
22.00
22.00
21.00
19.00
17.00
16.00
15.00
14.00
12.00
11.00
11.00
11.00
11.00
11.00
11.00
10.00
8.00
8.00
7.00
6.00
5.00
5.00
4.00
4.00
3.00
3.00
2.00
2.00
1.00
1.00
