//Number of items      
100
//Bin Capacity         
100.00
//Known Best Solution  
65
//Weight of Item		  
100.00
99.00
99.00
98.00
98.00
98.00
96.00
96.00
96.00
96.00
95.00
95.00
94.00
94.00
93.00
91.00
90.00
90.00
89.00
89.00
89.00
88.00
88.00
86.00
85.00
83.00
83.00
83.00
83.00
81.00
81.00
79.00
79.00
78.00
78.00
78.00
77.00
76.00
75.00
75.00
72.00
71.00
68.00
68.00
67.00
66.00
61.00
60.00
60.00
59.00
59.00
58.00
58.00
58.00
57.00
56.00
52.00
52.00
52.00
52.00
50.00
47.00
47.00
47.00
44.00
43.00
43.00
43.00
41.00
41.00
41.00
40.00
39.00
38.00
36.00
36.00
32.00
32.00
32.00
31.00
29.00
29.00
29.00
28.00
28.00
28.00
28.00
27.00
27.00
27.00
26.00
25.00
24.00
24.00
24.00
24.00
23.00
23.00
21.00
21.00
