//Number of items      
100
//Bin Capacity         
100.00
//Known Best Solution  
72
//Weight of Item		  
100.00
99.00
98.00
97.00
95.00
95.00
93.00
92.00
91.00
91.00
91.00
91.00
90.00
89.00
89.00
88.00
88.00
86.00
85.00
85.00
83.00
81.00
81.00
81.00
80.00
80.00
79.00
78.00
77.00
77.00
77.00
76.00
76.00
76.00
75.00
75.00
74.00
74.00
73.00
73.00
71.00
71.00
70.00
70.00
69.00
69.00
69.00
67.00
67.00
67.00
67.00
66.00
65.00
63.00
63.00
63.00
63.00
62.00
62.00
62.00
61.00
57.00
55.00
53.00
53.00
51.00
51.00
51.00
50.00
50.00
49.00
49.00
48.00
48.00
48.00
47.00
47.00
46.00
43.00
41.00
41.00
40.00
36.00
36.00
36.00
36.00
35.00
35.00
33.00
32.00
32.00
31.00
31.00
29.00
28.00
28.00
25.00
25.00
23.00
21.00
