//Number of items      
100
//Bin Capacity         
100.00
//Known Best Solution  
58
//Weight of Item		  
100.00
99.00
99.00
98.00
96.00
95.00
95.00
95.00
93.00
93.00
92.00
92.00
92.00
91.00
90.00
89.00
89.00
89.00
87.00
87.00
87.00
85.00
84.00
81.00
81.00
80.00
79.00
77.00
74.00
74.00
74.00
73.00
73.00
72.00
71.00
70.00
70.00
66.00
66.00
65.00
65.00
65.00
64.00
63.00
63.00
63.00
63.00
63.00
61.00
57.00
56.00
54.00
52.00
52.00
51.00
49.00
48.00
46.00
44.00
44.00
44.00
42.00
40.00
40.00
40.00
38.00
38.00
35.00
34.00
31.00
31.00
31.00
30.00
27.00
27.00
25.00
25.00
24.00
21.00
21.00
21.00
18.00
17.00
17.00
16.00
16.00
16.00
15.00
15.00
11.00
11.00
9.00
9.00
9.00
8.00
5.00
5.00
5.00
3.00
1.00
