//Number of items      
100
//Bin Capacity         
100.00
//Known Best Solution  
52
//Weight of Item		  
98.00
98.00
98.00
98.00
94.00
94.00
94.00
93.00
92.00
91.00
89.00
89.00
87.00
86.00
85.00
84.00
80.00
80.00
78.00
76.00
76.00
75.00
73.00
73.00
72.00
71.00
71.00
71.00
70.00
69.00
67.00
65.00
64.00
64.00
62.00
62.00
62.00
62.00
59.00
56.00
55.00
55.00
54.00
53.00
53.00
53.00
52.00
52.00
50.00
49.00
49.00
49.00
49.00
49.00
45.00
44.00
43.00
43.00
43.00
43.00
43.00
39.00
38.00
38.00
38.00
37.00
37.00
36.00
36.00
34.00
34.00
33.00
29.00
29.00
29.00
28.00
27.00
27.00
27.00
25.00
22.00
22.00
19.00
17.00
17.00
17.00
16.00
15.00
14.00
14.00
14.00
13.00
13.00
13.00
10.00
8.00
6.00
6.00
5.00
3.00
