//Number of items      
100
//Bin Capacity         
100.00
//Known Best Solution  
61
//Weight of Item		  
99.00
96.00
96.00
94.00
94.00
93.00
93.00
90.00
90.00
88.00
88.00
88.00
87.00
87.00
86.00
85.00
84.00
84.00
84.00
83.00
83.00
83.00
82.00
81.00
81.00
80.00
80.00
77.00
75.00
75.00
75.00
74.00
73.00
69.00
69.00
67.00
67.00
66.00
66.00
65.00
65.00
64.00
64.00
63.00
63.00
63.00
59.00
58.00
56.00
55.00
54.00
54.00
53.00
53.00
52.00
50.00
50.00
50.00
48.00
48.00
47.00
47.00
45.00
43.00
42.00
42.00
42.00
41.00
41.00
41.00
40.00
39.00
38.00
38.00
34.00
34.00
32.00
32.00
32.00
31.00
31.00
30.00
30.00
29.00
27.00
26.00
26.00
26.00
26.00
25.00
25.00
25.00
24.00
23.00
22.00
22.00
22.00
21.00
21.00
20.00
