//Number of items      
100
//Bin Capacity         
100.00
//Known Best Solution  
55
//Weight of Item		  
100.00
100.00
98.00
97.00
96.00
96.00
95.00
95.00
95.00
94.00
94.00
94.00
93.00
92.00
90.00
87.00
87.00
84.00
83.00
83.00
83.00
81.00
80.00
77.00
77.00
77.00
77.00
75.00
74.00
74.00
73.00
72.00
71.00
71.00
71.00
70.00
70.00
70.00
69.00
69.00
67.00
63.00
63.00
63.00
63.00
62.00
58.00
55.00
55.00
55.00
54.00
53.00
53.00
51.00
49.00
49.00
49.00
47.00
45.00
42.00
41.00
39.00
38.00
35.00
34.00
29.00
28.00
28.00
28.00
28.00
27.00
27.00
26.00
26.00
25.00
25.00
25.00
24.00
24.00
23.00
21.00
19.00
17.00
15.00
15.00
15.00
14.00
12.00
11.00
7.00
7.00
7.00
6.00
5.00
5.00
5.00
2.00
2.00
1.00
1.00
