//Number of items      
100
//Bin Capacity         
100.00
//Known Best Solution  
56
//Weight of Item		  
100.00
100.00
99.00
97.00
97.00
96.00
96.00
95.00
94.00
94.00
94.00
94.00
92.00
92.00
91.00
90.00
88.00
87.00
85.00
84.00
84.00
83.00
82.00
81.00
80.00
78.00
75.00
74.00
72.00
72.00
71.00
70.00
69.00
69.00
68.00
65.00
64.00
64.00
62.00
61.00
61.00
60.00
59.00
58.00
58.00
58.00
57.00
57.00
55.00
54.00
54.00
54.00
53.00
53.00
50.00
49.00
48.00
47.00
47.00
46.00
46.00
45.00
45.00
44.00
43.00
42.00
40.00
36.00
36.00
35.00
34.00
34.00
33.00
32.00
31.00
30.00
30.00
26.00
26.00
25.00
24.00
23.00
23.00
22.00
22.00
21.00
20.00
19.00
18.00
18.00
17.00
17.00
17.00
15.00
9.00
8.00
7.00
6.00
3.00
3.00
