//Number of items      
100
//Bin Capacity         
100.00
//Known Best Solution  
71
//Weight of Item		  
100.00
100.00
98.00
98.00
96.00
95.00
95.00
95.00
94.00
94.00
93.00
93.00
88.00
87.00
85.00
84.00
80.00
80.00
80.00
79.00
78.00
78.00
78.00
77.00
77.00
77.00
76.00
76.00
73.00
71.00
71.00
70.00
70.00
70.00
70.00
69.00
69.00
68.00
67.00
67.00
66.00
66.00
66.00
66.00
66.00
66.00
66.00
64.00
63.00
63.00
63.00
61.00
61.00
61.00
61.00
60.00
59.00
59.00
59.00
58.00
57.00
57.00
57.00
56.00
55.00
54.00
54.00
53.00
51.00
51.00
49.00
49.00
49.00
48.00
47.00
45.00
44.00
44.00
42.00
41.00
41.00
41.00
40.00
39.00
39.00
39.00
38.00
38.00
37.00
37.00
37.00
36.00
35.00
34.00
34.00
33.00
32.00
32.00
32.00
31.00
