//Number of items      
100
//Bin Capacity         
150.00
//Known Best Solution  
42
//Weight of Item		  
100.00
99.00
99.00
99.00
98.00
98.00
97.00
95.00
95.00
95.00
94.00
94.00
93.00
93.00
93.00
90.00
89.00
87.00
87.00
87.00
87.00
86.00
85.00
85.00
84.00
84.00
83.00
83.00
82.00
81.00
81.00
80.00
79.00
79.00
78.00
74.00
74.00
73.00
72.00
71.00
71.00
70.00
70.00
69.00
68.00
67.00
67.00
67.00
66.00
64.00
62.00
62.00
61.00
61.00
59.00
59.00
58.00
56.00
55.00
54.00
52.00
52.00
52.00
52.00
51.00
50.00
50.00
48.00
48.00
48.00
47.00
47.00
42.00
41.00
39.00
38.00
36.00
34.00
34.00
34.00
34.00
33.00
33.00
32.00
32.00
32.00
31.00
31.00
30.00
29.00
29.00
27.00
27.00
26.00
26.00
25.00
24.00
23.00
20.00
20.00
