//Number of items      
100
//Bin Capacity         
150.00
//Known Best Solution  
38
//Weight of Item		  
99.00
98.00
98.00
98.00
96.00
92.00
92.00
91.00
89.00
87.00
86.00
86.00
85.00
85.00
82.00
81.00
81.00
80.00
80.00
77.00
77.00
76.00
76.00
75.00
74.00
74.00
74.00
73.00
71.00
71.00
69.00
69.00
68.00
68.00
66.00
66.00
65.00
64.00
63.00
63.00
63.00
62.00
61.00
59.00
59.00
57.00
56.00
55.00
54.00
54.00
53.00
53.00
53.00
51.00
50.00
50.00
49.00
49.00
49.00
48.00
48.00
47.00
47.00
46.00
44.00
44.00
44.00
43.00
42.00
41.00
36.00
36.00
36.00
36.00
36.00
35.00
33.00
33.00
32.00
32.00
32.00
32.00
30.00
30.00
30.00
30.00
29.00
28.00
28.00
28.00
25.00
25.00
25.00
24.00
24.00
22.00
22.00
22.00
20.00
20.00
