//Number of items      
100
//Bin Capacity         
150.00
//Known Best Solution  
41
//Weight of Item		  
100.00
100.00
100.00
99.00
99.00
98.00
97.00
96.00
95.00
95.00
95.00
94.00
94.00
91.00
91.00
90.00
90.00
88.00
86.00
84.00
83.00
83.00
79.00
78.00
77.00
74.00
74.00
72.00
72.00
70.00
69.00
69.00
69.00
69.00
68.00
68.00
68.00
67.00
67.00
67.00
66.00
66.00
65.00
64.00
63.00
63.00
63.00
63.00
63.00
62.00
62.00
61.00
60.00
60.00
59.00
59.00
59.00
59.00
57.00
55.00
55.00
55.00
53.00
53.00
52.00
52.00
51.00
50.00
49.00
48.00
47.00
47.00
45.00
44.00
44.00
43.00
43.00
42.00
42.00
41.00
41.00
38.00
37.00
36.00
36.00
36.00
36.00
34.00
34.00
29.00
29.00
28.00
27.00
25.00
24.00
23.00
23.00
22.00
22.00
20.00
