//Number of items      
100
//Bin Capacity         
150.00
//Known Best Solution  
39
//Weight of Item		  
99.00
98.00
98.00
98.00
93.00
93.00
92.00
90.00
90.00
89.00
89.00
87.00
85.00
85.00
84.00
81.00
81.00
81.00
80.00
77.00
76.00
75.00
75.00
74.00
74.00
73.00
71.00
70.00
70.00
69.00
68.00
67.00
67.00
67.00
66.00
66.00
65.00
65.00
64.00
63.00
62.00
62.00
61.00
61.00
59.00
58.00
57.00
57.00
57.00
56.00
55.00
54.00
54.00
54.00
52.00
52.00
52.00
52.00
52.00
51.00
51.00
50.00
50.00
50.00
49.00
47.00
47.00
47.00
47.00
47.00
45.00
45.00
44.00
43.00
42.00
42.00
39.00
39.00
39.00
39.00
39.00
39.00
38.00
37.00
37.00
37.00
34.00
33.00
33.00
32.00
32.00
31.00
31.00
31.00
29.00
28.00
28.00
27.00
25.00
22.00
