//Number of items      
100
//Bin Capacity         
150.00
//Known Best Solution  
47
//Weight of Item		  
100.00
100.00
99.00
98.00
96.00
96.00
95.00
94.00
94.00
94.00
93.00
93.00
93.00
93.00
91.00
91.00
91.00
90.00
90.00
89.00
89.00
87.00
87.00
87.00
87.00
85.00
84.00
84.00
84.00
83.00
82.00
81.00
81.00
81.00
80.00
79.00
79.00
78.00
78.00
77.00
77.00
77.00
75.00
75.00
74.00
74.00
74.00
74.00
69.00
68.00
68.00
67.00
67.00
65.00
65.00
64.00
63.00
61.00
59.00
59.00
58.00
58.00
58.00
58.00
57.00
56.00
55.00
55.00
55.00
54.00
54.00
53.00
53.00
52.00
51.00
50.00
50.00
50.00
49.00
49.00
48.00
48.00
48.00
48.00
47.00
47.00
43.00
43.00
42.00
40.00
40.00
39.00
37.00
37.00
35.00
34.00
34.00
33.00
31.00
30.00
