//Number of items      
100
//Bin Capacity         
150.00
//Known Best Solution  
36
//Weight of Item		  
98.00
98.00
96.00
95.00
95.00
94.00
94.00
93.00
93.00
92.00
92.00
92.00
90.00
89.00
89.00
88.00
87.00
87.00
87.00
87.00
85.00
85.00
83.00
83.00
82.00
81.00
80.00
80.00
79.00
76.00
75.00
75.00
74.00
73.00
71.00
70.00
68.00
68.00
66.00
66.00
63.00
63.00
63.00
59.00
59.00
58.00
58.00
58.00
58.00
56.00
55.00
54.00
53.00
51.00
49.00
49.00
47.00
46.00
46.00
45.00
44.00
44.00
43.00
42.00
40.00
37.00
37.00
37.00
36.00
33.00
33.00
33.00
30.00
30.00
29.00
26.00
26.00
26.00
26.00
25.00
24.00
23.00
22.00
21.00
21.00
20.00
18.00
17.00
17.00
16.00
15.00
10.00
7.00
6.00
5.00
4.00
3.00
2.00
1.00
1.00
