//Number of items      
100
//Bin Capacity         
150.00
//Known Best Solution  
37
//Weight of Item		  
99.00
99.00
97.00
97.00
96.00
96.00
94.00
92.00
92.00
92.00
92.00
91.00
90.00
90.00
89.00
89.00
88.00
85.00
84.00
84.00
84.00
80.00
80.00
78.00
78.00
77.00
77.00
77.00
76.00
75.00
75.00
75.00
74.00
73.00
73.00
72.00
71.00
71.00
70.00
68.00
66.00
65.00
64.00
62.00
61.00
60.00
57.00
56.00
56.00
55.00
55.00
54.00
54.00
52.00
50.00
50.00
48.00
48.00
47.00
47.00
45.00
45.00
45.00
44.00
42.00
40.00
40.00
39.00
38.00
38.00
38.00
36.00
34.00
32.00
30.00
29.00
29.00
29.00
28.00
28.00
28.00
26.00
25.00
25.00
24.00
21.00
18.00
17.00
14.00
13.00
12.00
12.00
10.00
10.00
9.00
9.00
8.00
5.00
4.00
1.00
