//Number of items      
100
//Bin Capacity         
150.00
//Known Best Solution  
34
//Weight of Item		  
100.00
99.00
97.00
96.00
94.00
94.00
92.00
92.00
92.00
91.00
91.00
89.00
87.00
86.00
86.00
86.00
85.00
85.00
83.00
83.00
80.00
80.00
78.00
76.00
75.00
73.00
72.00
68.00
66.00
65.00
64.00
63.00
63.00
62.00
62.00
61.00
60.00
58.00
58.00
56.00
56.00
56.00
54.00
54.00
53.00
53.00
52.00
51.00
51.00
50.00
49.00
49.00
49.00
48.00
47.00
47.00
46.00
45.00
43.00
43.00
42.00
42.00
42.00
40.00
37.00
37.00
36.00
36.00
34.00
34.00
33.00
33.00
31.00
29.00
25.00
24.00
24.00
23.00
21.00
21.00
20.00
17.00
16.00
15.00
13.00
13.00
12.00
11.00
11.00
11.00
10.00
9.00
9.00
8.00
8.00
7.00
7.00
5.00
3.00
1.00
