//Number of items      
100
//Bin Capacity         
150.00
//Known Best Solution  
35
//Weight of Item		  
100.00
99.00
98.00
96.00
95.00
95.00
95.00
91.00
90.00
90.00
90.00
89.00
88.00
85.00
85.00
83.00
81.00
80.00
80.00
80.00
79.00
79.00
78.00
77.00
77.00
77.00
76.00
76.00
75.00
74.00
74.00
73.00
73.00
71.00
68.00
67.00
66.00
65.00
64.00
63.00
62.00
58.00
56.00
56.00
55.00
53.00
51.00
51.00
51.00
50.00
49.00
46.00
44.00
44.00
43.00
43.00
42.00
42.00
42.00
40.00
39.00
38.00
37.00
37.00
37.00
36.00
36.00
36.00
34.00
34.00
34.00
33.00
32.00
31.00
30.00
30.00
29.00
27.00
26.00
26.00
25.00
22.00
19.00
18.00
17.00
16.00
16.00
15.00
14.00
12.00
12.00
10.00
9.00
7.00
6.00
5.00
4.00
4.00
3.00
1.00
