//Number of items      
100
//Bin Capacity         
150.00
//Known Best Solution  
44
//Weight of Item		  
100.00
100.00
99.00
98.00
97.00
97.00
95.00
94.00
94.00
94.00
93.00
93.00
91.00
90.00
90.00
89.00
88.00
88.00
86.00
85.00
85.00
84.00
84.00
84.00
82.00
82.00
82.00
81.00
81.00
81.00
80.00
75.00
75.00
75.00
75.00
74.00
74.00
74.00
73.00
72.00
71.00
70.00
69.00
69.00
69.00
68.00
67.00
65.00
64.00
64.00
63.00
63.00
63.00
63.00
61.00
61.00
59.00
58.00
58.00
58.00
56.00
56.00
55.00
54.00
53.00
53.00
53.00
51.00
50.00
49.00
48.00
48.00
46.00
46.00
44.00
44.00
44.00
43.00
43.00
43.00
43.00
42.00
42.00
42.00
41.00
41.00
40.00
40.00
39.00
39.00
39.00
39.00
38.00
36.00
35.00
35.00
35.00
33.00
32.00
32.00
