//Number of items      
100
//Bin Capacity         
150.00
//Known Best Solution  
33
//Weight of Item		  
100.00
98.00
95.00
95.00
94.00
92.00
92.00
92.00
90.00
88.00
88.00
87.00
87.00
87.00
86.00
86.00
83.00
83.00
82.00
82.00
81.00
80.00
77.00
76.00
75.00
75.00
75.00
74.00
73.00
70.00
70.00
68.00
66.00
66.00
66.00
65.00
64.00
64.00
60.00
59.00
58.00
56.00
55.00
52.00
52.00
52.00
52.00
52.00
51.00
49.00
49.00
48.00
46.00
44.00
42.00
42.00
41.00
41.00
41.00
40.00
40.00
39.00
38.00
36.00
36.00
35.00
34.00
34.00
34.00
31.00
31.00
30.00
27.00
27.00
27.00
24.00
24.00
22.00
21.00
20.00
15.00
15.00
15.00
14.00
14.00
12.00
12.00
11.00
10.00
9.00
7.00
6.00
6.00
5.00
4.00
4.00
3.00
3.00
2.00
1.00
