//Number of items      
100
//Bin Capacity         
150.00
//Known Best Solution  
45
//Weight of Item		  
100.00
99.00
99.00
98.00
98.00
97.00
95.00
95.00
95.00
94.00
94.00
94.00
94.00
93.00
93.00
92.00
91.00
90.00
90.00
90.00
90.00
89.00
89.00
88.00
86.00
85.00
85.00
84.00
83.00
83.00
82.00
81.00
81.00
80.00
79.00
79.00
77.00
76.00
76.00
73.00
72.00
71.00
71.00
71.00
69.00
69.00
68.00
67.00
67.00
63.00
61.00
61.00
61.00
60.00
60.00
59.00
58.00
57.00
57.00
57.00
57.00
56.00
56.00
56.00
56.00
56.00
55.00
53.00
53.00
53.00
51.00
51.00
49.00
48.00
48.00
47.00
47.00
47.00
47.00
46.00
46.00
45.00
45.00
44.00
44.00
43.00
43.00
42.00
42.00
39.00
38.00
38.00
37.00
36.00
35.00
33.00
32.00
31.00
30.00
30.00
