//Number of items      
100
//Bin Capacity         
150.00
//Known Best Solution  
40
//Weight of Item		  
100.00
98.00
98.00
97.00
97.00
96.00
96.00
96.00
96.00
92.00
91.00
91.00
87.00
86.00
84.00
83.00
82.00
82.00
81.00
81.00
81.00
81.00
80.00
79.00
79.00
79.00
78.00
78.00
78.00
76.00
76.00
76.00
76.00
76.00
75.00
73.00
73.00
71.00
71.00
70.00
69.00
69.00
66.00
66.00
65.00
63.00
62.00
61.00
60.00
58.00
57.00
57.00
57.00
55.00
52.00
51.00
49.00
46.00
46.00
46.00
46.00
46.00
46.00
45.00
45.00
45.00
44.00
43.00
43.00
43.00
42.00
42.00
42.00
41.00
40.00
40.00
37.00
37.00
37.00
35.00
35.00
34.00
34.00
33.00
32.00
32.00
27.00
27.00
26.00
26.00
25.00
24.00
23.00
22.00
22.00
22.00
21.00
20.00
20.00
20.00
