//Number of items      
100
//Bin Capacity         
150.00
//Known Best Solution  
32
//Weight of Item		  
98.00
98.00
96.00
94.00
94.00
91.00
89.00
88.00
88.00
87.00
87.00
87.00
86.00
85.00
85.00
84.00
84.00
82.00
81.00
81.00
80.00
80.00
79.00
79.00
78.00
76.00
75.00
72.00
72.00
70.00
69.00
69.00
68.00
67.00
66.00
65.00
64.00
63.00
58.00
57.00
54.00
54.00
53.00
53.00
53.00
53.00
50.00
49.00
47.00
44.00
44.00
43.00
43.00
42.00
42.00
40.00
38.00
38.00
37.00
36.00
34.00
33.00
33.00
30.00
30.00
30.00
29.00
26.00
25.00
25.00
23.00
23.00
20.00
20.00
19.00
19.00
16.00
16.00
15.00
15.00
15.00
15.00
13.00
12.00
12.00
11.00
10.00
10.00
9.00
9.00
7.00
6.00
6.00
4.00
4.00
3.00
2.00
2.00
1.00
1.00
