//Number of items      
100
//Bin Capacity         
1000.00
//Known Best Solution  
29
//Weight of Item		  
624.00
606.00
606.00
598.00
598.00
577.00
563.00
557.00
536.00
520.00
514.00
495.00
494.00
487.00
487.00
487.00
485.00
477.00
471.00
467.00
449.00
447.00
437.00
436.00
421.00
413.00
413.00
412.00
400.00
393.00
392.00
391.00
382.00
377.00
366.00
356.00
350.00
345.00
343.00
340.00
331.00
331.00
330.00
328.00
320.00
320.00
296.00
294.00
292.00
286.00
277.00
273.00
271.00
260.00
254.00
250.00
245.00
227.00
226.00
221.00
219.00
215.00
203.00
197.00
196.00
166.00
165.00
157.00
156.00
153.00
151.00
147.00
144.00
144.00
133.00
127.00
127.00
126.00
125.00
125.00
123.00
122.00
121.00
119.00
117.00
104.00
96.00
84.00
77.00
76.00
73.00
65.00
57.00
55.00
51.00
48.00
42.00
38.00
37.00
35.00
