//Number of items      
100
//Bin Capacity         
1000.00
//Known Best Solution  
34
//Weight of Item		  
396.00
395.00
394.00
394.00
393.00
389.00
387.00
387.00
387.00
385.00
385.00
384.00
383.00
380.00
379.00
378.00
375.00
374.00
373.00
373.00
373.00
372.00
370.00
367.00
365.00
364.00
361.00
358.00
358.00
354.00
353.00
351.00
348.00
347.00
347.00
347.00
344.00
344.00
343.00
343.00
342.00
342.00
342.00
341.00
341.00
340.00
340.00
338.00
336.00
334.00
334.00
332.00
330.00
329.00
329.00
326.00
326.00
325.00
324.00
323.00
322.00
321.00
321.00
321.00
319.00
317.00
316.00
312.00
311.00
310.00
310.00
310.00
309.00
306.00
306.00
305.00
301.00
300.00
300.00
298.00
298.00
298.00
295.00
293.00
292.00
289.00
287.00
286.00
286.00
285.00
281.00
281.00
280.00
280.00
276.00
275.00
274.00
274.00
274.00
271.00
