//Number of items      
100
//Bin Capacity         
1000.00
//Known Best Solution  
33
//Weight of Item		  
494.00
485.00
482.00
475.00
475.00
460.00
458.00
458.00
454.00
454.00
445.00
445.00
442.00
436.00
435.00
431.00
424.00
424.00
422.00
413.00
412.00
411.00
409.00
408.00
405.00
403.00
400.00
398.00
392.00
392.00
380.00
380.00
379.00
378.00
375.00
370.00
370.00
366.00
360.00
353.00
348.00
343.00
343.00
343.00
342.00
340.00
338.00
334.00
333.00
329.00
328.00
326.00
314.00
312.00
309.00
297.00
297.00
294.00
293.00
290.00
287.00
285.00
280.00
275.00
274.00
274.00
272.00
267.00
263.00
263.00
258.00
253.00
252.00
248.00
243.00
236.00
235.00
235.00
233.00
230.00
229.00
229.00
228.00
227.00
226.00
225.00
211.00
209.00
204.00
200.00
196.00
190.00
189.00
188.00
186.00
178.00
177.00
172.00
170.00
169.00
