//Number of items      
100
//Bin Capacity         
1000.00
//Known Best Solution  
35
//Weight of Item		  
493.00
489.00
486.00
476.00
470.00
468.00
460.00
457.00
455.00
451.00
450.00
449.00
447.00
447.00
445.00
445.00
443.00
442.00
440.00
437.00
432.00
430.00
425.00
424.00
424.00
418.00
415.00
412.00
408.00
408.00
408.00
407.00
404.00
404.00
402.00
400.00
394.00
389.00
389.00
388.00
386.00
384.00
380.00
379.00
373.00
373.00
373.00
367.00
364.00
362.00
362.00
359.00
346.00
343.00
343.00
342.00
332.00
330.00
326.00
320.00
312.00
302.00
298.00
293.00
284.00
283.00
281.00
278.00
276.00
273.00
273.00
272.00
271.00
266.00
259.00
255.00
255.00
245.00
243.00
242.00
240.00
239.00
239.00
233.00
230.00
214.00
209.00
209.00
207.00
205.00
200.00
199.00
195.00
194.00
185.00
184.00
181.00
179.00
177.00
175.00
