//Number of items      
100
//Bin Capacity         
1000.00
//Known Best Solution  
36
//Weight of Item		  
494.00
493.00
490.00
488.00
477.00
474.00
470.00
465.00
462.00
449.00
449.00
448.00
447.00
447.00
444.00
442.00
436.00
436.00
432.00
428.00
428.00
423.00
421.00
418.00
417.00
416.00
410.00
409.00
408.00
405.00
402.00
401.00
401.00
400.00
399.00
395.00
395.00
394.00
388.00
387.00
387.00
380.00
378.00
378.00
372.00
372.00
364.00
364.00
360.00
356.00
354.00
347.00
346.00
346.00
332.00
331.00
331.00
326.00
317.00
317.00
315.00
314.00
313.00
312.00
308.00
305.00
303.00
301.00
299.00
295.00
294.00
292.00
291.00
288.00
288.00
283.00
282.00
279.00
278.00
275.00
272.00
270.00
268.00
268.00
255.00
255.00
242.00
240.00
237.00
236.00
234.00
215.00
211.00
208.00
206.00
206.00
203.00
196.00
191.00
167.00
