//Number of items      
100
//Bin Capacity         
1000.00
//Known Best Solution  
30
//Weight of Item		  
626.00
617.00
608.00
606.00
606.00
602.00
586.00
579.00
573.00
567.00
551.00
548.00
514.00
514.00
510.00
492.00
492.00
491.00
471.00
469.00
465.00
443.00
441.00
440.00
436.00
431.00
430.00
427.00
422.00
410.00
393.00
392.00
392.00
379.00
377.00
376.00
360.00
343.00
341.00
339.00
330.00
323.00
322.00
321.00
314.00
313.00
307.00
304.00
299.00
298.00
296.00
294.00
291.00
278.00
277.00
276.00
273.00
269.00
239.00
228.00
226.00
222.00
216.00
214.00
211.00
192.00
191.00
181.00
176.00
166.00
166.00
164.00
161.00
155.00
148.00
135.00
133.00
131.00
130.00
125.00
120.00
117.00
106.00
101.00
101.00
100.00
98.00
98.00
94.00
92.00
91.00
76.00
66.00
61.00
56.00
55.00
52.00
47.00
47.00
35.00
