//Number of items      
100
//Bin Capacity         
1000.00
//Known Best Solution  
31
//Weight of Item		  
625.00
622.00
620.00
609.00
604.00
601.00
597.00
582.00
582.00
574.00
572.00
570.00
544.00
542.00
537.00
537.00
535.00
530.00
523.00
507.00
485.00
483.00
480.00
456.00
447.00
447.00
444.00
439.00
429.00
426.00
425.00
414.00
412.00
406.00
406.00
401.00
397.00
394.00
378.00
367.00
364.00
360.00
341.00
327.00
324.00
321.00
314.00
307.00
297.00
291.00
289.00
272.00
270.00
267.00
263.00
236.00
231.00
230.00
227.00
227.00
226.00
225.00
219.00
215.00
215.00
212.00
211.00
205.00
178.00
176.00
170.00
149.00
145.00
139.00
138.00
138.00
135.00
129.00
122.00
115.00
114.00
108.00
108.00
105.00
87.00
86.00
85.00
83.00
81.00
69.00
68.00
67.00
58.00
56.00
55.00
51.00
45.00
41.00
40.00
37.00
