//Number of items      
100
//Bin Capacity         
1000.00
//Known Best Solution  
32
//Weight of Item		  
618.00
608.00
597.00
594.00
578.00
573.00
572.00
568.00
567.00
567.00
564.00
550.00
545.00
542.00
540.00
539.00
536.00
535.00
525.00
511.00
510.00
505.00
504.00
496.00
485.00
478.00
475.00
473.00
457.00
451.00
445.00
441.00
436.00
436.00
430.00
429.00
416.00
411.00
406.00
401.00
385.00
380.00
350.00
347.00
341.00
337.00
321.00
311.00
308.00
304.00
303.00
297.00
290.00
288.00
285.00
285.00
279.00
275.00
268.00
260.00
249.00
248.00
244.00
234.00
230.00
222.00
215.00
195.00
185.00
185.00
182.00
179.00
179.00
175.00
166.00
164.00
153.00
146.00
137.00
129.00
116.00
113.00
112.00
106.00
99.00
98.00
97.00
91.00
90.00
89.00
83.00
68.00
64.00
64.00
62.00
56.00
55.00
49.00
47.00
45.00
