//Number of items      
100
//Bin Capacity         
1000.00
//Known Best Solution  
22
//Weight of Item		  
300.00
300.00
298.00
295.00
292.00
290.00
289.00
287.00
287.00
286.00
286.00
286.00
284.00
283.00
278.00
273.00
271.00
269.00
269.00
269.00
268.00
268.00
267.00
262.00
258.00
256.00
256.00
255.00
255.00
255.00
254.00
252.00
251.00
249.00
248.00
246.00
245.00
244.00
242.00
238.00
237.00
237.00
236.00
227.00
227.00
226.00
224.00
224.00
223.00
222.00
214.00
212.00
208.00
206.00
206.00
205.00
202.00
202.00
202.00
200.00
200.00
199.00
197.00
195.00
195.00
192.00
192.00
189.00
185.00
179.00
178.00
178.00
171.00
171.00
167.00
165.00
162.00
161.00
158.00
152.00
149.00
146.00
143.00
143.00
139.00
136.00
136.00
131.00
127.00
126.00
126.00
124.00
121.00
118.00
114.00
113.00
106.00
105.00
102.00
102.00
