//Number of items      
100
//Bin Capacity         
1000.00
//Known Best Solution  
21
//Weight of Item		  
375.00
373.00
369.00
367.00
366.00
363.00
362.00
360.00
360.00
359.00
356.00
346.00
345.00
342.00
339.00
334.00
334.00
333.00
332.00
331.00
328.00
328.00
327.00
326.00
322.00
320.00
311.00
305.00
291.00
291.00
289.00
288.00
277.00
275.00
270.00
262.00
250.00
231.00
228.00
228.00
225.00
218.00
217.00
216.00
213.00
210.00
207.00
205.00
204.00
201.00
201.00
200.00
193.00
187.00
173.00
171.00
170.00
166.00
165.00
162.00
161.00
160.00
155.00
155.00
154.00
152.00
150.00
148.00
145.00
143.00
135.00
134.00
134.00
132.00
130.00
124.00
123.00
123.00
108.00
105.00
104.00
99.00
97.00
93.00
91.00
86.00
85.00
79.00
75.00
61.00
57.00
56.00
51.00
49.00
41.00
40.00
40.00
30.00
30.00
22.00
