//Number of items      
100
//Bin Capacity         
1000.00
//Known Best Solution  
20
//Weight of Item		  
240.00
239.00
238.00
235.00
232.00
231.00
231.00
231.00
231.00
230.00
229.00
228.00
228.00
228.00
227.00
226.00
222.00
219.00
218.00
217.00
217.00
217.00
217.00
217.00
216.00
216.00
214.00
214.00
213.00
212.00
212.00
211.00
210.00
209.00
208.00
208.00
208.00
206.00
206.00
206.00
206.00
205.00
205.00
204.00
204.00
203.00
200.00
199.00
199.00
199.00
198.00
198.00
197.00
197.00
196.00
195.00
193.00
193.00
193.00
193.00
191.00
191.00
188.00
188.00
188.00
187.00
186.00
186.00
183.00
183.00
182.00
181.00
179.00
178.00
177.00
177.00
177.00
177.00
176.00
176.00
176.00
175.00
175.00
175.00
172.00
172.00
171.00
170.00
170.00
169.00
168.00
168.00
167.00
167.00
166.00
166.00
164.00
163.00
163.00
162.00
