//Number of items      
100
//Bin Capacity         
1000.00
//Known Best Solution  
19
//Weight of Item		  
378.00
377.00
360.00
355.00
354.00
342.00
331.00
331.00
330.00
327.00
323.00
323.00
320.00
320.00
313.00
311.00
301.00
296.00
295.00
293.00
292.00
286.00
283.00
277.00
276.00
271.00
265.00
264.00
253.00
252.00
233.00
233.00
232.00
232.00
229.00
224.00
221.00
217.00
217.00
212.00
211.00
211.00
207.00
205.00
205.00
203.00
198.00
198.00
197.00
194.00
192.00
191.00
190.00
186.00
178.00
165.00
164.00
163.00
156.00
155.00
152.00
148.00
148.00
147.00
143.00
142.00
134.00
133.00
132.00
130.00
124.00
115.00
113.00
107.00
103.00
91.00
85.00
80.00
79.00
78.00
77.00
68.00
62.00
60.00
60.00
59.00
56.00
55.00
52.00
43.00
42.00
39.00
34.00
33.00
32.00
32.00
32.00
31.00
27.00
26.00
