//Number of items      
100
//Bin Capacity         
1000.00
//Known Best Solution  
13
//Weight of Item		  
260.00
256.00
255.00
253.00
249.00
248.00
245.00
243.00
238.00
234.00
233.00
232.00
229.00
229.00
218.00
213.00
206.00
205.00
196.00
194.00
187.00
187.00
184.00
181.00
178.00
177.00
176.00
175.00
170.00
170.00
162.00
162.00
160.00
159.00
156.00
151.00
149.00
141.00
136.00
135.00
135.00
134.00
134.00
133.00
129.00
124.00
123.00
119.00
116.00
116.00
114.00
113.00
112.00
110.00
105.00
102.00
101.00
99.00
98.00
95.00
95.00
93.00
93.00
83.00
82.00
81.00
78.00
77.00
73.00
73.00
72.00
70.00
70.00
69.00
68.00
67.00
65.00
64.00
62.00
58.00
54.00
53.00
53.00
50.00
48.00
47.00
43.00
43.00
43.00
42.00
42.00
41.00
36.00
33.00
24.00
21.00
20.00
19.00
19.00
18.00
