//Number of items      
100
//Bin Capacity         
1000.00
//Known Best Solution  
14
//Weight of Item		  
265.00
264.00
263.00
261.00
254.00
248.00
247.00
246.00
245.00
241.00
233.00
229.00
228.00
227.00
224.00
223.00
220.00
219.00
218.00
216.00
215.00
212.00
209.00
205.00
198.00
194.00
186.00
180.00
180.00
180.00
177.00
169.00
166.00
165.00
161.00
160.00
159.00
158.00
157.00
156.00
155.00
154.00
152.00
152.00
151.00
148.00
139.00
137.00
135.00
127.00
125.00
125.00
120.00
112.00
111.00
111.00
109.00
109.00
107.00
106.00
101.00
101.00
98.00
97.00
95.00
95.00
95.00
92.00
91.00
90.00
89.00
86.00
84.00
83.00
82.00
80.00
78.00
77.00
77.00
75.00
75.00
74.00
69.00
68.00
68.00
63.00
58.00
52.00
52.00
52.00
47.00
40.00
33.00
31.00
28.00
27.00
23.00
19.00
17.00
16.00
