//Number of items      
100
//Bin Capacity         
1000.00
//Known Best Solution  
10
//Weight of Item		  
209.00
207.00
205.00
204.00
204.00
202.00
201.00
200.00
200.00
197.00
194.00
193.00
188.00
187.00
185.00
180.00
176.00
168.00
166.00
161.00
159.00
159.00
156.00
154.00
154.00
148.00
145.00
145.00
143.00
138.00
135.00
132.00
128.00
125.00
124.00
122.00
121.00
118.00
116.00
114.00
112.00
112.00
108.00
106.00
105.00
105.00
104.00
101.00
97.00
95.00
94.00
93.00
87.00
85.00
85.00
72.00
72.00
71.00
70.00
69.00
68.00
64.00
63.00
63.00
62.00
61.00
61.00
58.00
55.00
54.00
53.00
52.00
52.00
51.00
50.00
48.00
48.00
47.00
45.00
43.00
40.00
37.00
34.00
33.00
27.00
27.00
27.00
24.00
24.00
23.00
22.00
22.00
20.00
20.00
18.00
17.00
16.00
15.00
14.00
13.00
