//Number of items      
100
//Bin Capacity         
1000.00
//Known Best Solution  
12
//Weight of Item		  
206.00
206.00
206.00
206.00
205.00
205.00
204.00
200.00
198.00
196.00
193.00
192.00
189.00
188.00
188.00
187.00
184.00
178.00
178.00
176.00
176.00
172.00
172.00
171.00
169.00
168.00
168.00
167.00
162.00
158.00
156.00
153.00
152.00
151.00
151.00
151.00
145.00
141.00
139.00
139.00
137.00
136.00
129.00
127.00
124.00
122.00
118.00
115.00
115.00
115.00
111.00
111.00
110.00
109.00
109.00
103.00
102.00
102.00
99.00
98.00
98.00
97.00
94.00
91.00
91.00
90.00
86.00
85.00
83.00
81.00
79.00
78.00
78.00
74.00
74.00
73.00
73.00
71.00
67.00
64.00
59.00
58.00
57.00
51.00
50.00
50.00
50.00
49.00
46.00
44.00
43.00
39.00
33.00
30.00
27.00
26.00
23.00
21.00
20.00
19.00
