//Number of items      
100
//Bin Capacity         
1000.00
//Known Best Solution  
11
//Weight of Item		  
201.00
201.00
200.00
199.00
198.00
197.00
196.00
195.00
195.00
194.00
190.00
188.00
187.00
184.00
182.00
181.00
181.00
180.00
179.00
177.00
172.00
171.00
169.00
165.00
165.00
163.00
158.00
154.00
154.00
153.00
153.00
148.00
148.00
144.00
142.00
138.00
137.00
131.00
129.00
125.00
123.00
122.00
118.00
117.00
117.00
116.00
115.00
113.00
109.00
105.00
105.00
104.00
103.00
101.00
100.00
96.00
89.00
87.00
86.00
84.00
84.00
82.00
78.00
78.00
77.00
76.00
72.00
71.00
71.00
69.00
69.00
69.00
67.00
66.00
64.00
64.00
63.00
62.00
58.00
56.00
53.00
52.00
50.00
49.00
45.00
45.00
40.00
39.00
37.00
37.00
33.00
28.00
25.00
24.00
22.00
22.00
16.00
15.00
15.00
13.00
