//Number of items      
200
//Bin Capacity         
150.00
//Known Best Solution  
65
//Weight of Item		  
99.00
99.00
99.00
98.00
98.00
98.00
96.00
95.00
95.00
94.00
94.00
94.00
93.00
93.00
92.00
92.00
92.00
91.00
91.00
90.00
88.00
86.00
86.00
85.00
85.00
84.00
84.00
84.00
83.00
82.00
82.00
82.00
81.00
81.00
81.00
80.00
80.00
79.00
79.00
79.00
78.00
78.00
78.00
77.00
77.00
77.00
76.00
74.00
74.00
73.00
73.00
72.00
71.00
71.00
71.00
71.00
70.00
70.00
68.00
68.00
68.00
67.00
66.00
66.00
66.00
66.00
66.00
65.00
64.00
63.00
63.00
63.00
62.00
61.00
60.00
60.00
59.00
58.00
58.00
58.00
57.00
57.00
57.00
57.00
56.00
55.00
54.00
53.00
53.00
51.00
51.00
51.00
51.00
50.00
50.00
50.00
49.00
47.00
47.00
47.00
46.00
46.00
45.00
45.00
45.00
45.00
45.00
44.00
43.00
43.00
42.00
42.00
41.00
41.00
40.00
40.00
39.00
39.00
37.00
37.00
36.00
36.00
35.00
35.00
34.00
34.00
34.00
34.00
34.00
33.00
32.00
32.00
32.00
31.00
31.00
29.00
28.00
27.00
27.00
26.00
26.00
26.00
25.00
25.00
25.00
25.00
25.00
25.00
25.00
25.00
22.00
22.00
22.00
21.00
21.00
21.00
21.00
21.00
21.00
19.00
19.00
19.00
18.00
17.00
17.00
17.00
17.00
17.00
17.00
16.00
16.00
15.00
14.00
14.00
14.00
13.00
13.00
12.00
11.00
10.00
10.00
10.00
10.00
9.00
8.00
7.00
6.00
5.00
4.00
4.00
4.00
4.00
3.00
3.00
3.00
3.00
3.00
3.00
2.00
2.00
