//Number of items      
200
//Bin Capacity         
150.00
//Known Best Solution  
68
//Weight of Item		  
99.00
99.00
97.00
96.00
96.00
95.00
95.00
95.00
95.00
94.00
94.00
94.00
93.00
93.00
93.00
93.00
93.00
92.00
92.00
91.00
91.00
90.00
90.00
90.00
89.00
89.00
89.00
87.00
86.00
86.00
86.00
86.00
85.00
84.00
84.00
84.00
84.00
83.00
83.00
83.00
78.00
78.00
75.00
75.00
75.00
75.00
74.00
74.00
71.00
71.00
70.00
70.00
70.00
70.00
69.00
69.00
69.00
69.00
69.00
69.00
68.00
67.00
67.00
67.00
67.00
67.00
65.00
65.00
65.00
64.00
64.00
63.00
62.00
62.00
62.00
61.00
61.00
60.00
59.00
59.00
59.00
59.00
58.00
57.00
57.00
57.00
57.00
56.00
56.00
56.00
55.00
55.00
54.00
54.00
54.00
54.00
54.00
54.00
54.00
53.00
53.00
51.00
50.00
49.00
49.00
49.00
49.00
49.00
48.00
47.00
47.00
47.00
44.00
43.00
42.00
41.00
40.00
40.00
40.00
40.00
39.00
39.00
38.00
38.00
38.00
38.00
38.00
37.00
37.00
36.00
36.00
35.00
35.00
33.00
33.00
33.00
33.00
32.00
32.00
32.00
31.00
31.00
30.00
30.00
30.00
30.00
29.00
29.00
28.00
28.00
28.00
28.00
27.00
27.00
27.00
27.00
26.00
26.00
25.00
25.00
25.00
24.00
24.00
24.00
24.00
23.00
23.00
22.00
20.00
17.00
17.00
17.00
17.00
16.00
16.00
16.00
14.00
13.00
12.00
12.00
11.00
11.00
10.00
9.00
9.00
8.00
7.00
7.00
6.00
6.00
6.00
5.00
4.00
4.00
2.00
2.00
2.00
2.00
1.00
1.00
