//Number of items      
200
//Bin Capacity         
1000.00
//Known Best Solution  
68
//Weight of Item		  
627.00
626.00
618.00
615.00
614.00
613.00
609.00
604.00
603.00
603.00
600.00
599.00
595.00
594.00
591.00
585.00
580.00
576.00
571.00
567.00
565.00
562.00
559.00
559.00
555.00
554.00
553.00
551.00
548.00
546.00
543.00
542.00
539.00
537.00
536.00
533.00
533.00
533.00
530.00
527.00
525.00
521.00
520.00
519.00
519.00
519.00
519.00
518.00
518.00
516.00
509.00
508.00
499.00
498.00
494.00
492.00
489.00
489.00
482.00
475.00
462.00
460.00
450.00
448.00
443.00
441.00
440.00
439.00
438.00
438.00
436.00
435.00
433.00
429.00
427.00
426.00
424.00
421.00
420.00
410.00
409.00
403.00
403.00
393.00
391.00
381.00
378.00
378.00
374.00
372.00
366.00
364.00
364.00
354.00
352.00
349.00
349.00
347.00
346.00
341.00
339.00
339.00
336.00
332.00
331.00
331.00
325.00
321.00
320.00
320.00
318.00
318.00
315.00
310.00
302.00
299.00
298.00
297.00
296.00
295.00
293.00
282.00
281.00
267.00
261.00
252.00
252.00
248.00
246.00
244.00
233.00
232.00
228.00
221.00
217.00
216.00
214.00
213.00
210.00
209.00
208.00
207.00
202.00
200.00
200.00
196.00
193.00
192.00
190.00
190.00
188.00
183.00
183.00
179.00
179.00
175.00
171.00
165.00
152.00
151.00
142.00
135.00
134.00
133.00
132.00
127.00
126.00
124.00
121.00
120.00
116.00
116.00
109.00
108.00
107.00
104.00
104.00
101.00
95.00
92.00
91.00
89.00
86.00
84.00
83.00
81.00
72.00
68.00
67.00
64.00
60.00
58.00
52.00
49.00
47.00
43.00
38.00
38.00
37.00
37.00
