//Number of items      
200
//Bin Capacity         
1000.00
//Known Best Solution  
65
//Weight of Item		  
494.00
492.00
491.00
488.00
487.00
483.00
480.00
479.00
479.00
478.00
476.00
476.00
476.00
474.00
472.00
469.00
466.00
466.00
460.00
459.00
459.00
456.00
453.00
452.00
446.00
446.00
446.00
442.00
442.00
442.00
437.00
434.00
430.00
429.00
425.00
422.00
422.00
421.00
417.00
416.00
412.00
411.00
405.00
405.00
402.00
400.00
399.00
399.00
394.00
387.00
387.00
387.00
387.00
386.00
385.00
379.00
378.00
376.00
376.00
373.00
372.00
372.00
371.00
371.00
371.00
371.00
370.00
369.00
367.00
365.00
361.00
361.00
360.00
359.00
356.00
356.00
355.00
353.00
352.00
352.00
351.00
348.00
348.00
347.00
346.00
346.00
346.00
346.00
345.00
343.00
343.00
342.00
341.00
341.00
340.00
338.00
337.00
337.00
331.00
330.00
330.00
329.00
326.00
322.00
321.00
317.00
316.00
315.00
311.00
309.00
308.00
307.00
305.00
304.00
303.00
299.00
299.00
298.00
295.00
294.00
294.00
292.00
288.00
284.00
280.00
279.00
279.00
279.00
278.00
277.00
276.00
274.00
274.00
271.00
268.00
267.00
267.00
266.00
265.00
262.00
262.00
260.00
259.00
258.00
252.00
248.00
247.00
246.00
245.00
242.00
240.00
238.00
232.00
231.00
231.00
229.00
229.00
228.00
226.00
225.00
224.00
224.00
222.00
220.00
216.00
216.00
215.00
214.00
212.00
209.00
205.00
201.00
200.00
200.00
199.00
198.00
197.00
196.00
194.00
194.00
191.00
190.00
190.00
186.00
186.00
185.00
184.00
183.00
181.00
181.00
179.00
179.00
177.00
177.00
177.00
175.00
174.00
169.00
168.00
168.00
