//Number of items      
200
//Bin Capacity         
1000.00
//Known Best Solution  
65
//Weight of Item		  
627.00
621.00
621.00
613.00
610.00
604.00
604.00
594.00
592.00
582.00
575.00
575.00
575.00
574.00
572.00
571.00
571.00
570.00
564.00
564.00
563.00
560.00
557.00
556.00
556.00
548.00
547.00
540.00
532.00
523.00
523.00
519.00
518.00
517.00
517.00
514.00
514.00
510.00
505.00
503.00
501.00
494.00
492.00
487.00
480.00
479.00
477.00
477.00
473.00
473.00
472.00
467.00
464.00
464.00
459.00
455.00
454.00
452.00
451.00
449.00
449.00
447.00
445.00
440.00
438.00
430.00
429.00
427.00
424.00
420.00
420.00
417.00
415.00
411.00
409.00
408.00
407.00
404.00
401.00
390.00
385.00
378.00
369.00
361.00
361.00
359.00
356.00
352.00
347.00
343.00
343.00
341.00
338.00
337.00
335.00
334.00
322.00
321.00
317.00
316.00
308.00
307.00
305.00
301.00
301.00
289.00
289.00
284.00
283.00
277.00
277.00
271.00
270.00
269.00
269.00
267.00
267.00
267.00
259.00
256.00
253.00
249.00
247.00
245.00
242.00
242.00
237.00
233.00
233.00
229.00
227.00
224.00
219.00
219.00
217.00
215.00
215.00
209.00
208.00
208.00
202.00
199.00
199.00
198.00
194.00
193.00
179.00
176.00
172.00
165.00
160.00
159.00
158.00
148.00
145.00
139.00
139.00
139.00
138.00
137.00
137.00
133.00
122.00
120.00
120.00
115.00
114.00
112.00
110.00
109.00
109.00
108.00
102.00
101.00
99.00
92.00
86.00
86.00
85.00
80.00
80.00
77.00
76.00
74.00
73.00
70.00
70.00
67.00
64.00
63.00
60.00
58.00
54.00
54.00
46.00
41.00
37.00
36.00
35.00
35.00
