//Number of items      
200
//Bin Capacity         
1000.00
//Known Best Solution  
66
//Weight of Item		  
495.00
493.00
492.00
487.00
487.00
485.00
482.00
480.00
480.00
479.00
475.00
475.00
473.00
473.00
469.00
469.00
465.00
464.00
460.00
459.00
457.00
456.00
455.00
454.00
453.00
451.00
450.00
449.00
445.00
443.00
441.00
439.00
438.00
435.00
433.00
431.00
427.00
423.00
423.00
421.00
421.00
420.00
420.00
417.00
415.00
414.00
414.00
411.00
411.00
408.00
406.00
404.00
401.00
399.00
395.00
395.00
394.00
392.00
391.00
390.00
390.00
386.00
384.00
384.00
380.00
378.00
377.00
377.00
374.00
373.00
370.00
369.00
369.00
369.00
368.00
367.00
366.00
363.00
360.00
359.00
354.00
353.00
350.00
349.00
348.00
347.00
346.00
346.00
344.00
342.00
341.00
337.00
336.00
334.00
332.00
332.00
332.00
329.00
328.00
327.00
323.00
321.00
321.00
317.00
317.00
316.00
315.00
313.00
310.00
310.00
306.00
305.00
305.00
303.00
303.00
301.00
301.00
300.00
297.00
296.00
293.00
292.00
291.00
291.00
290.00
289.00
286.00
286.00
286.00
284.00
283.00
282.00
282.00
282.00
282.00
282.00
282.00
280.00
279.00
276.00
275.00
272.00
272.00
270.00
270.00
270.00
260.00
256.00
256.00
255.00
254.00
253.00
245.00
244.00
240.00
236.00
235.00
234.00
234.00
234.00
233.00
230.00
228.00
227.00
226.00
226.00
225.00
222.00
222.00
221.00
217.00
217.00
214.00
211.00
208.00
207.00
207.00
206.00
204.00
203.00
203.00
202.00
202.00
202.00
200.00
199.00
198.00
197.00
192.00
189.00
187.00
186.00
183.00
178.00
177.00
177.00
174.00
170.00
170.00
168.00
