//Number of items      
200
//Bin Capacity         
1000.00
//Known Best Solution  
66
//Weight of Item		  
625.00
619.00
619.00
618.00
614.00
613.00
612.00
611.00
609.00
605.00
602.00
598.00
598.00
590.00
589.00
587.00
586.00
585.00
579.00
578.00
576.00
566.00
566.00
564.00
563.00
563.00
561.00
558.00
549.00
542.00
542.00
541.00
536.00
535.00
529.00
522.00
515.00
512.00
501.00
501.00
500.00
498.00
496.00
495.00
494.00
492.00
492.00
487.00
485.00
481.00
479.00
466.00
466.00
466.00
465.00
464.00
462.00
454.00
453.00
450.00
448.00
442.00
441.00
440.00
440.00
439.00
437.00
436.00
436.00
432.00
432.00
422.00
422.00
421.00
417.00
412.00
408.00
408.00
393.00
384.00
377.00
377.00
376.00
375.00
373.00
373.00
372.00
371.00
371.00
369.00
365.00
359.00
358.00
353.00
353.00
342.00
334.00
327.00
324.00
324.00
321.00
320.00
314.00
312.00
311.00
309.00
308.00
296.00
296.00
293.00
291.00
288.00
285.00
278.00
270.00
269.00
265.00
262.00
262.00
261.00
260.00
259.00
256.00
254.00
251.00
248.00
244.00
237.00
235.00
235.00
234.00
229.00
229.00
227.00
225.00
223.00
222.00
222.00
216.00
212.00
208.00
207.00
206.00
205.00
192.00
191.00
181.00
181.00
180.00
179.00
175.00
175.00
164.00
162.00
162.00
159.00
158.00
157.00
156.00
151.00
148.00
148.00
146.00
143.00
139.00
139.00
134.00
129.00
129.00
128.00
119.00
116.00
109.00
105.00
95.00
93.00
87.00
83.00
83.00
83.00
80.00
78.00
78.00
77.00
76.00
74.00
72.00
65.00
64.00
63.00
62.00
56.00
55.00
55.00
53.00
39.00
38.00
37.00
36.00
36.00
