//Number of items      
200
//Bin Capacity         
1000.00
//Known Best Solution  
65
//Weight of Item		  
491.00
488.00
487.00
479.00
479.00
474.00
473.00
470.00
469.00
469.00
468.00
468.00
465.00
463.00
462.00
462.00
459.00
457.00
457.00
453.00
451.00
449.00
448.00
446.00
444.00
442.00
440.00
438.00
433.00
433.00
432.00
430.00
427.00
426.00
426.00
423.00
421.00
417.00
415.00
413.00
413.00
411.00
410.00
410.00
410.00
409.00
408.00
408.00
407.00
406.00
404.00
403.00
402.00
401.00
400.00
399.00
397.00
391.00
391.00
389.00
388.00
387.00
387.00
387.00
386.00
384.00
382.00
377.00
377.00
375.00
373.00
373.00
373.00
372.00
372.00
369.00
366.00
365.00
364.00
363.00
363.00
363.00
359.00
357.00
356.00
351.00
350.00
350.00
350.00
348.00
347.00
346.00
338.00
335.00
333.00
331.00
330.00
330.00
328.00
328.00
326.00
325.00
323.00
322.00
322.00
320.00
317.00
316.00
311.00
307.00
306.00
306.00
305.00
301.00
300.00
297.00
296.00
296.00
292.00
289.00
289.00
288.00
285.00
276.00
275.00
274.00
273.00
272.00
268.00
266.00
265.00
264.00
262.00
257.00
257.00
256.00
255.00
255.00
255.00
255.00
252.00
249.00
248.00
245.00
243.00
243.00
241.00
237.00
236.00
236.00
235.00
232.00
231.00
228.00
228.00
226.00
226.00
225.00
224.00
223.00
223.00
223.00
221.00
218.00
216.00
208.00
206.00
206.00
205.00
204.00
203.00
202.00
202.00
202.00
196.00
194.00
193.00
193.00
193.00
190.00
190.00
189.00
189.00
188.00
187.00
186.00
183.00
182.00
181.00
179.00
179.00
178.00
172.00
171.00
171.00
171.00
169.00
169.00
168.00
167.00
