//Number of items      
200
//Bin Capacity         
1000.00
//Known Best Solution  
68
//Weight of Item		  
495.00
493.00
493.00
487.00
486.00
486.00
483.00
483.00
481.00
478.00
477.00
476.00
474.00
473.00
472.00
472.00
472.00
471.00
470.00
469.00
467.00
464.00
464.00
462.00
461.00
458.00
456.00
454.00
451.00
450.00
449.00
448.00
444.00
443.00
441.00
440.00
437.00
433.00
432.00
432.00
430.00
429.00
428.00
425.00
421.00
419.00
418.00
417.00
417.00
411.00
411.00
409.00
409.00
408.00
405.00
405.00
403.00
401.00
400.00
399.00
397.00
393.00
390.00
388.00
387.00
387.00
387.00
385.00
384.00
383.00
382.00
381.00
379.00
378.00
376.00
375.00
374.00
374.00
371.00
370.00
367.00
364.00
358.00
355.00
355.00
353.00
353.00
350.00
349.00
346.00
346.00
345.00
342.00
341.00
339.00
338.00
336.00
335.00
334.00
334.00
331.00
331.00
330.00
326.00
326.00
325.00
324.00
321.00
320.00
319.00
316.00
316.00
315.00
313.00
313.00
311.00
311.00
311.00
311.00
309.00
308.00
307.00
307.00
306.00
303.00
302.00
302.00
302.00
298.00
298.00
297.00
297.00
295.00
294.00
291.00
288.00
284.00
283.00
283.00
282.00
281.00
281.00
280.00
277.00
277.00
276.00
273.00
272.00
270.00
265.00
264.00
264.00
264.00
263.00
259.00
253.00
253.00
251.00
250.00
247.00
247.00
245.00
240.00
237.00
237.00
236.00
232.00
232.00
231.00
231.00
227.00
222.00
221.00
213.00
213.00
210.00
203.00
203.00
202.00
201.00
201.00
196.00
195.00
193.00
193.00
191.00
189.00
188.00
188.00
185.00
182.00
181.00
179.00
179.00
177.00
176.00
175.00
172.00
169.00
169.00
