//Number of items      
200
//Bin Capacity         
1000.00
//Known Best Solution  
67
//Weight of Item		  
624.00
624.00
619.00
617.00
617.00
616.00
614.00
613.00
609.00
607.00
590.00
584.00
580.00
580.00
578.00
577.00
576.00
576.00
574.00
570.00
568.00
566.00
565.00
561.00
554.00
552.00
552.00
549.00
544.00
543.00
534.00
534.00
531.00
530.00
516.00
515.00
511.00
507.00
507.00
501.00
501.00
501.00
499.00
497.00
496.00
496.00
490.00
488.00
487.00
486.00
485.00
482.00
473.00
470.00
466.00
462.00
461.00
458.00
458.00
453.00
452.00
451.00
450.00
447.00
443.00
443.00
442.00
435.00
435.00
431.00
430.00
425.00
415.00
412.00
410.00
408.00
406.00
404.00
402.00
401.00
396.00
395.00
389.00
388.00
388.00
387.00
387.00
387.00
386.00
384.00
379.00
379.00
379.00
376.00
375.00
373.00
370.00
367.00
367.00
363.00
359.00
359.00
357.00
341.00
335.00
333.00
332.00
326.00
312.00
312.00
310.00
306.00
300.00
299.00
299.00
293.00
283.00
278.00
277.00
275.00
272.00
271.00
270.00
261.00
260.00
258.00
257.00
257.00
256.00
256.00
253.00
249.00
236.00
231.00
215.00
211.00
209.00
209.00
206.00
206.00
196.00
194.00
189.00
188.00
186.00
186.00
184.00
181.00
172.00
170.00
169.00
167.00
159.00
155.00
152.00
150.00
150.00
149.00
148.00
147.00
146.00
140.00
140.00
138.00
134.00
130.00
129.00
128.00
121.00
119.00
119.00
116.00
113.00
107.00
103.00
102.00
94.00
93.00
90.00
89.00
87.00
87.00
85.00
85.00
78.00
76.00
74.00
73.00
72.00
72.00
67.00
65.00
64.00
64.00
63.00
60.00
46.00
46.00
39.00
35.00
