//Number of items      
200
//Bin Capacity         
1000.00
//Known Best Solution  
68
//Weight of Item		  
492.00
489.00
488.00
484.00
484.00
483.00
482.00
481.00
480.00
478.00
477.00
476.00
474.00
474.00
473.00
472.00
469.00
469.00
468.00
468.00
466.00
462.00
460.00
458.00
458.00
455.00
453.00
451.00
450.00
449.00
449.00
448.00
446.00
445.00
442.00
442.00
440.00
439.00
437.00
435.00
435.00
435.00
435.00
432.00
432.00
430.00
428.00
425.00
423.00
421.00
421.00
420.00
417.00
416.00
411.00
408.00
406.00
406.00
406.00
404.00
403.00
403.00
403.00
402.00
402.00
399.00
399.00
398.00
397.00
394.00
393.00
392.00
391.00
391.00
390.00
389.00
385.00
384.00
382.00
376.00
368.00
367.00
367.00
366.00
365.00
362.00
361.00
360.00
358.00
356.00
354.00
352.00
351.00
348.00
348.00
348.00
345.00
343.00
340.00
336.00
334.00
334.00
334.00
333.00
328.00
328.00
327.00
326.00
325.00
321.00
320.00
317.00
315.00
315.00
315.00
314.00
313.00
311.00
308.00
308.00
308.00
305.00
302.00
302.00
301.00
300.00
295.00
295.00
293.00
293.00
293.00
292.00
292.00
291.00
286.00
284.00
284.00
281.00
281.00
273.00
273.00
272.00
271.00
267.00
267.00
267.00
266.00
265.00
265.00
264.00
263.00
262.00
261.00
258.00
258.00
255.00
253.00
242.00
241.00
240.00
240.00
239.00
238.00
236.00
235.00
234.00
233.00
231.00
228.00
224.00
224.00
223.00
221.00
219.00
217.00
214.00
212.00
210.00
205.00
202.00
201.00
199.00
197.00
197.00
197.00
194.00
189.00
187.00
187.00
186.00
185.00
184.00
183.00
179.00
178.00
175.00
173.00
172.00
171.00
168.00
