//Number of items      
200
//Bin Capacity         
1000.00
//Known Best Solution  
65
//Weight of Item		  
619.00
616.00
616.00
613.00
613.00
612.00
607.00
607.00
604.00
601.00
590.00
585.00
579.00
578.00
569.00
566.00
561.00
561.00
559.00
557.00
551.00
551.00
550.00
546.00
546.00
543.00
535.00
534.00
528.00
524.00
520.00
519.00
507.00
505.00
505.00
504.00
503.00
502.00
502.00
501.00
500.00
494.00
492.00
486.00
484.00
481.00
476.00
473.00
473.00
470.00
470.00
468.00
467.00
465.00
456.00
455.00
450.00
445.00
442.00
442.00
442.00
437.00
435.00
433.00
432.00
432.00
431.00
426.00
421.00
420.00
417.00
407.00
407.00
403.00
398.00
396.00
393.00
390.00
385.00
380.00
380.00
379.00
375.00
373.00
371.00
368.00
367.00
357.00
355.00
351.00
346.00
346.00
345.00
342.00
339.00
339.00
338.00
334.00
332.00
332.00
331.00
326.00
325.00
317.00
316.00
310.00
307.00
302.00
300.00
300.00
298.00
296.00
295.00
293.00
292.00
288.00
286.00
285.00
279.00
271.00
271.00
270.00
267.00
265.00
260.00
259.00
256.00
252.00
245.00
241.00
240.00
231.00
230.00
223.00
222.00
222.00
220.00
216.00
215.00
213.00
210.00
205.00
202.00
197.00
197.00
194.00
189.00
185.00
184.00
181.00
180.00
174.00
173.00
170.00
162.00
161.00
159.00
158.00
150.00
139.00
135.00
134.00
133.00
131.00
127.00
126.00
126.00
123.00
121.00
121.00
119.00
117.00
112.00
108.00
101.00
98.00
98.00
91.00
89.00
87.00
87.00
86.00
83.00
82.00
78.00
78.00
67.00
56.00
55.00
55.00
54.00
54.00
52.00
45.00
43.00
41.00
41.00
40.00
39.00
35.00
