//Number of items      
200
//Bin Capacity         
1000.00
//Known Best Solution  
61
//Weight of Item		  
627.00
626.00
619.00
616.00
611.00
611.00
611.00
610.00
609.00
608.00
607.00
592.00
592.00
582.00
582.00
579.00
575.00
571.00
571.00
566.00
565.00
561.00
558.00
549.00
543.00
542.00
542.00
537.00
530.00
527.00
520.00
514.00
513.00
512.00
511.00
505.00
495.00
495.00
493.00
493.00
482.00
481.00
480.00
479.00
473.00
466.00
466.00
460.00
460.00
459.00
458.00
458.00
455.00
453.00
445.00
441.00
433.00
431.00
425.00
424.00
418.00
415.00
409.00
409.00
407.00
407.00
401.00
400.00
399.00
397.00
393.00
393.00
385.00
380.00
379.00
372.00
369.00
360.00
353.00
351.00
347.00
338.00
337.00
330.00
316.00
315.00
309.00
309.00
301.00
300.00
299.00
298.00
297.00
296.00
292.00
287.00
287.00
284.00
283.00
274.00
272.00
270.00
269.00
269.00
266.00
264.00
263.00
261.00
258.00
249.00
247.00
238.00
235.00
235.00
234.00
234.00
234.00
233.00
218.00
217.00
211.00
210.00
206.00
204.00
202.00
196.00
193.00
188.00
188.00
187.00
187.00
180.00
180.00
178.00
177.00
174.00
173.00
168.00
167.00
165.00
162.00
159.00
158.00
157.00
157.00
151.00
150.00
148.00
146.00
143.00
143.00
143.00
139.00
137.00
136.00
132.00
125.00
123.00
121.00
120.00
114.00
114.00
114.00
106.00
105.00
104.00
101.00
101.00
101.00
99.00
96.00
95.00
93.00
92.00
92.00
89.00
88.00
87.00
87.00
87.00
85.00
84.00
83.00
82.00
79.00
78.00
69.00
65.00
64.00
62.00
62.00
58.00
55.00
53.00
43.00
42.00
39.00
38.00
37.00
35.00
