//Number of items      
200
//Bin Capacity         
1000.00
//Known Best Solution  
66
//Weight of Item		  
626.00
622.00
621.00
619.00
614.00
612.00
609.00
608.00
608.00
605.00
600.00
595.00
575.00
572.00
571.00
571.00
567.00
564.00
563.00
554.00
552.00
551.00
549.00
548.00
544.00
542.00
542.00
538.00
538.00
535.00
533.00
529.00
527.00
524.00
524.00
515.00
510.00
510.00
509.00
504.00
502.00
501.00
496.00
490.00
488.00
481.00
480.00
478.00
475.00
470.00
469.00
468.00
458.00
454.00
451.00
446.00
446.00
442.00
438.00
436.00
432.00
430.00
422.00
414.00
413.00
412.00
411.00
408.00
397.00
389.00
386.00
386.00
385.00
383.00
382.00
373.00
372.00
372.00
371.00
369.00
366.00
364.00
362.00
361.00
360.00
360.00
356.00
354.00
351.00
348.00
343.00
338.00
334.00
331.00
326.00
325.00
323.00
322.00
320.00
320.00
320.00
320.00
317.00
317.00
316.00
308.00
308.00
305.00
301.00
300.00
299.00
298.00
297.00
295.00
295.00
289.00
287.00
285.00
285.00
282.00
281.00
279.00
279.00
266.00
259.00
257.00
257.00
254.00
250.00
250.00
249.00
248.00
244.00
243.00
237.00
236.00
225.00
223.00
222.00
219.00
216.00
215.00
210.00
209.00
199.00
199.00
196.00
189.00
186.00
185.00
184.00
183.00
182.00
182.00
181.00
176.00
169.00
169.00
168.00
168.00
167.00
158.00
156.00
155.00
141.00
141.00
136.00
135.00
132.00
131.00
131.00
131.00
125.00
121.00
118.00
116.00
116.00
115.00
107.00
96.00
95.00
93.00
93.00
88.00
84.00
84.00
78.00
78.00
75.00
72.00
65.00
62.00
62.00
60.00
53.00
51.00
43.00
43.00
36.00
35.00
