//Number of items      
200
//Bin Capacity         
1000.00
//Known Best Solution  
66
//Weight of Item		  
495.00
494.00
493.00
493.00
493.00
492.00
489.00
482.00
482.00
478.00
478.00
475.00
473.00
473.00
472.00
471.00
469.00
463.00
461.00
461.00
459.00
455.00
454.00
452.00
448.00
444.00
444.00
442.00
440.00
439.00
439.00
436.00
434.00
433.00
432.00
431.00
429.00
425.00
423.00
423.00
422.00
422.00
420.00
420.00
417.00
416.00
412.00
411.00
411.00
410.00
410.00
409.00
408.00
403.00
401.00
401.00
400.00
399.00
397.00
394.00
394.00
393.00
392.00
392.00
390.00
389.00
387.00
386.00
385.00
384.00
384.00
382.00
380.00
380.00
376.00
375.00
374.00
372.00
372.00
370.00
370.00
368.00
366.00
357.00
353.00
353.00
353.00
350.00
349.00
346.00
345.00
345.00
345.00
345.00
342.00
342.00
338.00
332.00
331.00
325.00
324.00
324.00
322.00
321.00
317.00
314.00
314.00
312.00
312.00
311.00
310.00
308.00
307.00
307.00
307.00
306.00
301.00
299.00
299.00
296.00
295.00
294.00
293.00
290.00
288.00
287.00
287.00
286.00
285.00
283.00
283.00
280.00
279.00
278.00
275.00
274.00
272.00
271.00
271.00
270.00
269.00
268.00
266.00
266.00
265.00
264.00
263.00
257.00
256.00
248.00
247.00
242.00
240.00
236.00
233.00
233.00
233.00
229.00
227.00
222.00
219.00
219.00
217.00
217.00
212.00
212.00
209.00
208.00
207.00
206.00
205.00
205.00
205.00
205.00
205.00
203.00
203.00
201.00
199.00
198.00
198.00
197.00
192.00
192.00
192.00
191.00
189.00
188.00
184.00
184.00
183.00
182.00
182.00
179.00
179.00
178.00
176.00
175.00
168.00
167.00
