//Number of items      
200
//Bin Capacity         
1000.00
//Known Best Solution  
68
//Weight of Item		  
626.00
624.00
624.00
624.00
622.00
620.00
615.00
613.00
608.00
607.00
601.00
596.00
595.00
595.00
595.00
591.00
591.00
586.00
583.00
582.00
582.00
579.00
579.00
573.00
572.00
569.00
567.00
566.00
557.00
556.00
554.00
554.00
553.00
550.00
550.00
546.00
545.00
545.00
543.00
540.00
539.00
535.00
535.00
532.00
527.00
526.00
520.00
515.00
513.00
509.00
506.00
504.00
502.00
500.00
497.00
492.00
491.00
490.00
489.00
485.00
484.00
484.00
478.00
474.00
456.00
452.00
450.00
448.00
441.00
441.00
440.00
436.00
428.00
427.00
424.00
422.00
422.00
420.00
419.00
414.00
413.00
410.00
410.00
408.00
406.00
405.00
396.00
388.00
386.00
378.00
369.00
366.00
365.00
364.00
345.00
345.00
341.00
337.00
335.00
330.00
324.00
323.00
320.00
316.00
312.00
303.00
302.00
296.00
293.00
291.00
288.00
286.00
284.00
282.00
282.00
282.00
282.00
279.00
272.00
271.00
265.00
258.00
256.00
254.00
250.00
249.00
248.00
240.00
234.00
232.00
231.00
226.00
225.00
225.00
221.00
217.00
216.00
212.00
208.00
206.00
204.00
201.00
200.00
200.00
200.00
199.00
194.00
194.00
189.00
189.00
185.00
184.00
181.00
180.00
177.00
176.00
171.00
163.00
160.00
160.00
157.00
155.00
149.00
141.00
137.00
132.00
130.00
127.00
126.00
125.00
125.00
122.00
121.00
120.00
118.00
114.00
114.00
112.00
111.00
103.00
94.00
93.00
88.00
86.00
80.00
77.00
77.00
77.00
73.00
69.00
62.00
57.00
55.00
55.00
55.00
51.00
49.00
47.00
44.00
39.00
