//Number of items      
200
//Bin Capacity         
1000.00
//Known Best Solution  
65
//Weight of Item		  
495.00
492.00
487.00
483.00
483.00
481.00
481.00
479.00
476.00
471.00
470.00
465.00
458.00
457.00
454.00
453.00
452.00
452.00
452.00
450.00
450.00
448.00
444.00
440.00
439.00
439.00
437.00
437.00
435.00
434.00
432.00
430.00
429.00
429.00
428.00
428.00
427.00
425.00
424.00
424.00
422.00
419.00
419.00
417.00
414.00
412.00
411.00
408.00
406.00
406.00
405.00
403.00
403.00
397.00
396.00
395.00
392.00
390.00
390.00
389.00
389.00
386.00
384.00
383.00
382.00
382.00
380.00
380.00
379.00
378.00
378.00
377.00
374.00
371.00
364.00
361.00
361.00
358.00
355.00
351.00
350.00
350.00
350.00
349.00
348.00
348.00
346.00
343.00
340.00
339.00
333.00
333.00
331.00
331.00
329.00
328.00
327.00
323.00
322.00
320.00
319.00
317.00
314.00
313.00
313.00
311.00
311.00
311.00
309.00
309.00
306.00
297.00
295.00
295.00
293.00
292.00
292.00
287.00
283.00
282.00
282.00
281.00
280.00
280.00
280.00
277.00
276.00
275.00
273.00
272.00
272.00
272.00
269.00
266.00
265.00
264.00
261.00
260.00
259.00
259.00
258.00
256.00
256.00
255.00
254.00
251.00
247.00
247.00
245.00
240.00
239.00
239.00
239.00
238.00
236.00
235.00
232.00
230.00
228.00
227.00
227.00
227.00
223.00
222.00
222.00
220.00
220.00
220.00
215.00
214.00
210.00
208.00
206.00
205.00
201.00
201.00
200.00
199.00
198.00
193.00
192.00
192.00
191.00
189.00
189.00
187.00
185.00
184.00
182.00
181.00
181.00
179.00
179.00
173.00
173.00
173.00
171.00
169.00
167.00
167.00
