//Number of items      
200
//Bin Capacity         
1000.00
//Known Best Solution  
66
//Weight of Item		  
495.00
490.00
489.00
487.00
487.00
486.00
486.00
485.00
483.00
482.00
481.00
477.00
477.00
477.00
475.00
469.00
467.00
465.00
465.00
461.00
461.00
457.00
454.00
453.00
452.00
449.00
447.00
445.00
443.00
442.00
441.00
439.00
435.00
433.00
433.00
433.00
432.00
432.00
432.00
429.00
428.00
428.00
425.00
424.00
421.00
419.00
418.00
418.00
414.00
410.00
409.00
409.00
409.00
408.00
407.00
406.00
406.00
404.00
403.00
400.00
398.00
398.00
397.00
396.00
394.00
394.00
392.00
392.00
390.00
388.00
388.00
383.00
382.00
381.00
369.00
369.00
368.00
365.00
364.00
362.00
360.00
360.00
359.00
357.00
355.00
351.00
350.00
350.00
344.00
341.00
340.00
338.00
337.00
332.00
331.00
328.00
327.00
327.00
325.00
324.00
316.00
315.00
313.00
311.00
310.00
309.00
308.00
308.00
307.00
301.00
299.00
298.00
297.00
296.00
295.00
295.00
288.00
283.00
280.00
279.00
279.00
278.00
278.00
278.00
277.00
277.00
276.00
276.00
274.00
274.00
273.00
270.00
269.00
268.00
267.00
266.00
264.00
264.00
264.00
263.00
263.00
261.00
260.00
258.00
257.00
257.00
255.00
251.00
251.00
249.00
248.00
242.00
242.00
241.00
241.00
241.00
241.00
238.00
234.00
231.00
230.00
229.00
229.00
227.00
227.00
227.00
224.00
222.00
219.00
218.00
218.00
215.00
213.00
212.00
207.00
207.00
205.00
204.00
203.00
203.00
195.00
192.00
191.00
188.00
188.00
187.00
187.00
187.00
184.00
181.00
180.00
180.00
180.00
180.00
179.00
176.00
175.00
172.00
171.00
171.00
