//Number of items      
200
//Bin Capacity         
1000.00
//Known Best Solution  
66
//Weight of Item		  
495.00
494.00
491.00
490.00
490.00
490.00
489.00
488.00
486.00
485.00
480.00
479.00
479.00
472.00
469.00
467.00
467.00
465.00
462.00
461.00
461.00
461.00
460.00
457.00
453.00
451.00
451.00
449.00
447.00
444.00
444.00
443.00
442.00
442.00
437.00
436.00
435.00
435.00
435.00
432.00
432.00
431.00
430.00
430.00
429.00
429.00
429.00
425.00
423.00
422.00
421.00
419.00
418.00
415.00
411.00
407.00
404.00
402.00
401.00
400.00
395.00
394.00
394.00
391.00
385.00
384.00
383.00
379.00
377.00
376.00
374.00
373.00
372.00
370.00
369.00
368.00
364.00
363.00
361.00
361.00
361.00
359.00
358.00
358.00
357.00
357.00
353.00
351.00
350.00
346.00
344.00
344.00
342.00
342.00
342.00
341.00
339.00
339.00
336.00
333.00
332.00
331.00
330.00
330.00
326.00
325.00
323.00
317.00
313.00
308.00
306.00
305.00
300.00
297.00
296.00
293.00
292.00
290.00
287.00
287.00
286.00
282.00
281.00
277.00
277.00
273.00
273.00
272.00
272.00
271.00
267.00
265.00
261.00
259.00
258.00
254.00
254.00
254.00
253.00
253.00
249.00
248.00
248.00
247.00
247.00
246.00
246.00
246.00
244.00
243.00
243.00
242.00
241.00
241.00
240.00
240.00
240.00
239.00
236.00
235.00
234.00
234.00
233.00
233.00
230.00
229.00
228.00
226.00
221.00
221.00
220.00
217.00
215.00
215.00
210.00
208.00
206.00
204.00
203.00
202.00
200.00
198.00
197.00
197.00
191.00
191.00
184.00
181.00
181.00
180.00
179.00
175.00
174.00
173.00
173.00
172.00
171.00
171.00
169.00
168.00
