//Number of items      
200
//Bin Capacity         
1000.00
//Known Best Solution  
70
//Weight of Item		  
627.00
623.00
620.00
617.00
616.00
611.00
598.00
594.00
594.00
590.00
589.00
584.00
581.00
579.00
575.00
569.00
568.00
566.00
563.00
562.00
562.00
554.00
554.00
554.00
553.00
552.00
548.00
548.00
544.00
535.00
534.00
532.00
531.00
530.00
528.00
523.00
518.00
516.00
516.00
512.00
508.00
500.00
496.00
496.00
496.00
494.00
494.00
494.00
492.00
491.00
485.00
483.00
481.00
479.00
477.00
476.00
475.00
467.00
461.00
459.00
455.00
454.00
448.00
448.00
444.00
440.00
439.00
439.00
438.00
437.00
436.00
434.00
431.00
430.00
423.00
422.00
417.00
415.00
409.00
408.00
408.00
404.00
400.00
398.00
398.00
398.00
396.00
396.00
394.00
387.00
385.00
384.00
379.00
378.00
378.00
374.00
373.00
372.00
368.00
367.00
360.00
359.00
353.00
348.00
348.00
342.00
337.00
331.00
331.00
329.00
329.00
324.00
319.00
316.00
315.00
315.00
314.00
312.00
310.00
308.00
308.00
308.00
306.00
297.00
294.00
288.00
284.00
284.00
283.00
277.00
268.00
266.00
266.00
264.00
258.00
253.00
252.00
248.00
242.00
236.00
235.00
231.00
229.00
229.00
227.00
226.00
224.00
220.00
216.00
214.00
210.00
202.00
201.00
198.00
193.00
192.00
185.00
185.00
184.00
177.00
175.00
173.00
173.00
168.00
166.00
163.00
149.00
148.00
148.00
145.00
145.00
138.00
137.00
135.00
134.00
133.00
130.00
118.00
116.00
108.00
103.00
102.00
102.00
101.00
96.00
95.00
90.00
83.00
82.00
80.00
80.00
71.00
68.00
64.00
62.00
61.00
60.00
54.00
53.00
52.00
