//Number of items      
200
//Bin Capacity         
1000.00
//Known Best Solution  
66
//Weight of Item		  
623.00
623.00
619.00
615.00
614.00
614.00
613.00
611.00
603.00
599.00
599.00
597.00
586.00
569.00
568.00
567.00
564.00
563.00
562.00
561.00
559.00
553.00
544.00
544.00
542.00
539.00
537.00
537.00
532.00
528.00
527.00
517.00
517.00
509.00
506.00
494.00
494.00
489.00
489.00
487.00
486.00
485.00
484.00
483.00
474.00
473.00
472.00
471.00
471.00
463.00
462.00
460.00
458.00
456.00
451.00
450.00
447.00
447.00
446.00
435.00
431.00
430.00
422.00
417.00
415.00
412.00
410.00
407.00
406.00
405.00
399.00
399.00
393.00
392.00
392.00
386.00
385.00
381.00
381.00
380.00
379.00
378.00
376.00
367.00
362.00
362.00
361.00
360.00
356.00
354.00
348.00
346.00
342.00
341.00
340.00
339.00
338.00
336.00
328.00
328.00
324.00
318.00
318.00
315.00
313.00
312.00
311.00
308.00
300.00
298.00
296.00
296.00
295.00
290.00
285.00
282.00
282.00
282.00
279.00
278.00
278.00
269.00
260.00
259.00
258.00
255.00
254.00
254.00
244.00
227.00
226.00
225.00
225.00
223.00
218.00
217.00
216.00
214.00
207.00
206.00
206.00
205.00
204.00
203.00
203.00
202.00
200.00
195.00
193.00
190.00
188.00
186.00
183.00
183.00
181.00
181.00
180.00
179.00
179.00
172.00
171.00
170.00
167.00
166.00
165.00
160.00
158.00
155.00
149.00
148.00
148.00
139.00
138.00
136.00
132.00
130.00
130.00
129.00
128.00
127.00
125.00
120.00
119.00
118.00
118.00
115.00
109.00
107.00
104.00
101.00
95.00
91.00
90.00
76.00
60.00
55.00
53.00
45.00
39.00
37.00
