//Number of items      
200
//Bin Capacity         
1000.00
//Known Best Solution  
67
//Weight of Item		  
495.00
494.00
493.00
490.00
489.00
488.00
487.00
486.00
485.00
485.00
483.00
481.00
479.00
477.00
475.00
474.00
473.00
471.00
471.00
470.00
469.00
464.00
463.00
459.00
455.00
452.00
445.00
445.00
445.00
444.00
444.00
442.00
439.00
438.00
436.00
435.00
435.00
435.00
435.00
433.00
429.00
429.00
428.00
428.00
422.00
422.00
421.00
418.00
417.00
417.00
417.00
411.00
410.00
407.00
405.00
404.00
401.00
400.00
398.00
398.00
398.00
397.00
395.00
393.00
391.00
389.00
389.00
385.00
384.00
378.00
377.00
376.00
375.00
375.00
375.00
373.00
373.00
369.00
368.00
362.00
362.00
359.00
358.00
354.00
353.00
352.00
352.00
351.00
349.00
346.00
344.00
342.00
341.00
337.00
337.00
336.00
335.00
335.00
334.00
334.00
334.00
333.00
330.00
330.00
330.00
330.00
328.00
326.00
325.00
324.00
324.00
320.00
318.00
317.00
317.00
316.00
316.00
316.00
315.00
312.00
308.00
306.00
304.00
302.00
299.00
296.00
295.00
292.00
292.00
290.00
284.00
282.00
278.00
276.00
276.00
271.00
270.00
270.00
270.00
269.00
268.00
263.00
261.00
259.00
258.00
257.00
254.00
252.00
252.00
250.00
247.00
246.00
244.00
244.00
243.00
243.00
242.00
242.00
233.00
232.00
231.00
230.00
228.00
224.00
223.00
223.00
220.00
220.00
213.00
213.00
212.00
209.00
209.00
206.00
204.00
201.00
200.00
199.00
197.00
195.00
195.00
194.00
194.00
193.00
192.00
189.00
188.00
188.00
186.00
184.00
182.00
179.00
179.00
175.00
173.00
173.00
172.00
171.00
169.00
168.00
