//Number of items      
200
//Bin Capacity         
1000.00
//Known Best Solution  
39
//Weight of Item		  
299.00
299.00
298.00
298.00
296.00
295.00
295.00
292.00
291.00
289.00
289.00
289.00
288.00
287.00
287.00
285.00
285.00
285.00
282.00
281.00
280.00
280.00
278.00
277.00
277.00
276.00
275.00
272.00
271.00
271.00
269.00
269.00
268.00
265.00
264.00
261.00
260.00
260.00
260.00
260.00
259.00
258.00
257.00
255.00
254.00
251.00
251.00
250.00
250.00
247.00
247.00
240.00
239.00
238.00
237.00
237.00
236.00
236.00
236.00
236.00
235.00
234.00
234.00
231.00
231.00
230.00
227.00
227.00
227.00
226.00
225.00
225.00
225.00
223.00
223.00
218.00
217.00
217.00
216.00
216.00
215.00
215.00
214.00
213.00
212.00
212.00
210.00
207.00
207.00
206.00
204.00
202.00
202.00
201.00
200.00
198.00
195.00
194.00
193.00
191.00
191.00
188.00
188.00
186.00
185.00
185.00
183.00
183.00
181.00
179.00
179.00
177.00
176.00
175.00
174.00
174.00
173.00
170.00
169.00
169.00
166.00
166.00
165.00
163.00
161.00
161.00
160.00
159.00
158.00
158.00
156.00
156.00
156.00
153.00
153.00
153.00
150.00
149.00
147.00
146.00
146.00
145.00
145.00
141.00
140.00
139.00
138.00
137.00
137.00
136.00
136.00
135.00
134.00
134.00
134.00
132.00
132.00
131.00
130.00
130.00
130.00
129.00
128.00
128.00
128.00
127.00
126.00
125.00
124.00
124.00
122.00
121.00
121.00
121.00
119.00
119.00
117.00
117.00
116.00
116.00
114.00
114.00
114.00
113.00
112.00
112.00
111.00
111.00
110.00
110.00
108.00
107.00
106.00
105.00
105.00
104.00
104.00
104.00
103.00
102.00
