//Number of items      
200
//Bin Capacity         
1000.00
//Known Best Solution  
41
//Weight of Item		  
300.00
297.00
294.00
293.00
293.00
293.00
292.00
292.00
290.00
289.00
289.00
288.00
287.00
287.00
286.00
286.00
285.00
284.00
284.00
283.00
280.00
280.00
280.00
279.00
278.00
278.00
277.00
277.00
276.00
275.00
275.00
274.00
274.00
273.00
272.00
268.00
268.00
267.00
265.00
265.00
265.00
264.00
264.00
262.00
262.00
261.00
261.00
261.00
261.00
259.00
256.00
254.00
254.00
251.00
250.00
249.00
249.00
248.00
247.00
245.00
245.00
243.00
240.00
239.00
239.00
238.00
237.00
235.00
235.00
231.00
230.00
229.00
229.00
228.00
221.00
220.00
217.00
215.00
215.00
214.00
213.00
212.00
211.00
210.00
210.00
210.00
209.00
209.00
209.00
208.00
208.00
206.00
206.00
205.00
205.00
203.00
202.00
202.00
201.00
201.00
200.00
200.00
199.00
198.00
196.00
193.00
192.00
192.00
192.00
190.00
188.00
188.00
186.00
186.00
186.00
185.00
183.00
181.00
181.00
180.00
179.00
179.00
176.00
175.00
174.00
174.00
173.00
173.00
171.00
170.00
168.00
167.00
167.00
166.00
164.00
163.00
163.00
161.00
161.00
160.00
155.00
154.00
152.00
150.00
150.00
148.00
147.00
147.00
146.00
146.00
145.00
145.00
145.00
145.00
144.00
144.00
143.00
143.00
142.00
139.00
139.00
139.00
139.00
138.00
137.00
135.00
134.00
132.00
127.00
126.00
126.00
126.00
126.00
125.00
125.00
125.00
125.00
124.00
124.00
124.00
123.00
123.00
122.00
122.00
122.00
120.00
119.00
118.00
118.00
117.00
114.00
114.00
113.00
112.00
111.00
111.00
110.00
107.00
106.00
104.00
