//Number of items      
200
//Bin Capacity         
1000.00
//Known Best Solution  
40
//Weight of Item		  
380.00
378.00
378.00
373.00
370.00
370.00
370.00
369.00
368.00
368.00
367.00
366.00
360.00
357.00
354.00
353.00
351.00
350.00
348.00
347.00
340.00
340.00
339.00
338.00
337.00
335.00
333.00
328.00
328.00
327.00
324.00
323.00
321.00
320.00
316.00
315.00
311.00
311.00
308.00
307.00
300.00
300.00
297.00
297.00
297.00
295.00
294.00
292.00
285.00
280.00
280.00
277.00
277.00
275.00
275.00
272.00
266.00
265.00
264.00
264.00
263.00
262.00
261.00
259.00
257.00
255.00
255.00
249.00
249.00
245.00
244.00
244.00
243.00
243.00
242.00
241.00
241.00
240.00
238.00
238.00
237.00
234.00
228.00
227.00
226.00
226.00
225.00
224.00
224.00
221.00
220.00
218.00
217.00
217.00
217.00
214.00
211.00
209.00
206.00
203.00
203.00
202.00
202.00
201.00
201.00
200.00
197.00
196.00
189.00
188.00
188.00
187.00
186.00
186.00
186.00
185.00
179.00
178.00
177.00
172.00
167.00
165.00
165.00
163.00
161.00
159.00
158.00
158.00
157.00
156.00
155.00
155.00
152.00
149.00
146.00
144.00
140.00
139.00
138.00
130.00
128.00
127.00
125.00
122.00
120.00
117.00
117.00
115.00
113.00
109.00
105.00
103.00
103.00
99.00
99.00
96.00
94.00
93.00
92.00
92.00
91.00
90.00
88.00
82.00
81.00
80.00
76.00
74.00
73.00
67.00
66.00
66.00
66.00
59.00
58.00
57.00
56.00
56.00
55.00
53.00
52.00
51.00
50.00
49.00
48.00
44.00
43.00
40.00
39.00
38.00
35.00
34.00
33.00
29.00
29.00
27.00
26.00
24.00
24.00
22.00
