//Number of items      
200
//Bin Capacity         
1000.00
//Known Best Solution  
39
//Weight of Item		  
378.00
378.00
377.00
377.00
375.00
374.00
371.00
367.00
367.00
365.00
365.00
361.00
356.00
353.00
349.00
345.00
342.00
339.00
337.00
334.00
334.00
330.00
330.00
330.00
329.00
328.00
325.00
325.00
324.00
322.00
317.00
316.00
316.00
315.00
313.00
312.00
310.00
307.00
305.00
303.00
300.00
293.00
290.00
284.00
283.00
283.00
281.00
281.00
280.00
280.00
278.00
275.00
272.00
270.00
270.00
263.00
260.00
258.00
255.00
253.00
251.00
251.00
251.00
249.00
248.00
248.00
246.00
245.00
243.00
242.00
242.00
239.00
239.00
237.00
235.00
234.00
234.00
233.00
232.00
230.00
230.00
228.00
227.00
225.00
225.00
224.00
220.00
218.00
217.00
217.00
215.00
210.00
204.00
202.00
201.00
200.00
197.00
196.00
195.00
194.00
191.00
180.00
173.00
173.00
172.00
172.00
172.00
170.00
168.00
166.00
163.00
163.00
163.00
162.00
161.00
160.00
157.00
155.00
154.00
151.00
148.00
147.00
144.00
144.00
143.00
142.00
142.00
142.00
141.00
141.00
141.00
137.00
133.00
132.00
132.00
131.00
131.00
127.00
124.00
122.00
120.00
120.00
117.00
116.00
115.00
113.00
112.00
111.00
109.00
108.00
107.00
104.00
103.00
100.00
99.00
98.00
97.00
96.00
94.00
91.00
90.00
89.00
89.00
88.00
88.00
87.00
82.00
82.00
80.00
77.00
76.00
75.00
75.00
71.00
67.00
65.00
65.00
63.00
61.00
60.00
58.00
55.00
53.00
52.00
51.00
48.00
47.00
47.00
43.00
43.00
37.00
34.00
34.00
31.00
27.00
27.00
26.00
25.00
24.00
23.00
