//Number of items      
200
//Bin Capacity         
1000.00
//Known Best Solution  
40
//Weight of Item		  
300.00
300.00
299.00
299.00
298.00
297.00
295.00
295.00
294.00
294.00
293.00
289.00
288.00
287.00
285.00
284.00
284.00
282.00
281.00
279.00
277.00
276.00
276.00
275.00
274.00
274.00
272.00
272.00
270.00
269.00
267.00
264.00
263.00
263.00
261.00
260.00
260.00
260.00
258.00
255.00
255.00
255.00
255.00
254.00
253.00
250.00
247.00
247.00
247.00
246.00
245.00
245.00
244.00
243.00
241.00
241.00
241.00
241.00
239.00
238.00
238.00
238.00
238.00
238.00
238.00
237.00
235.00
234.00
233.00
232.00
231.00
231.00
229.00
229.00
229.00
228.00
228.00
226.00
225.00
225.00
223.00
221.00
220.00
219.00
217.00
216.00
216.00
216.00
213.00
210.00
208.00
208.00
207.00
205.00
202.00
201.00
201.00
201.00
201.00
199.00
199.00
198.00
196.00
195.00
195.00
194.00
194.00
193.00
191.00
189.00
189.00
188.00
188.00
187.00
186.00
184.00
184.00
182.00
182.00
181.00
179.00
178.00
177.00
175.00
174.00
173.00
172.00
171.00
171.00
171.00
169.00
169.00
168.00
168.00
167.00
167.00
166.00
165.00
164.00
163.00
162.00
158.00
158.00
157.00
157.00
156.00
153.00
153.00
151.00
151.00
148.00
147.00
147.00
146.00
146.00
145.00
145.00
144.00
144.00
144.00
143.00
141.00
139.00
138.00
137.00
136.00
134.00
134.00
129.00
126.00
125.00
125.00
123.00
122.00
122.00
121.00
121.00
121.00
120.00
120.00
118.00
118.00
116.00
114.00
113.00
112.00
111.00
110.00
108.00
108.00
107.00
107.00
106.00
106.00
103.00
103.00
103.00
103.00
102.00
102.00
