//Number of items      
200
//Bin Capacity         
1000.00
//Known Best Solution  
40
//Weight of Item		  
379.00
378.00
372.00
372.00
372.00
370.00
370.00
368.00
368.00
365.00
364.00
364.00
363.00
358.00
357.00
356.00
355.00
353.00
348.00
344.00
343.00
343.00
341.00
340.00
339.00
339.00
336.00
332.00
331.00
331.00
325.00
323.00
323.00
323.00
321.00
320.00
319.00
318.00
316.00
315.00
313.00
312.00
306.00
304.00
302.00
301.00
301.00
298.00
297.00
296.00
292.00
292.00
290.00
288.00
286.00
286.00
285.00
283.00
277.00
272.00
270.00
267.00
266.00
266.00
261.00
261.00
258.00
256.00
254.00
253.00
252.00
252.00
252.00
251.00
250.00
249.00
248.00
242.00
242.00
236.00
236.00
235.00
233.00
230.00
230.00
226.00
225.00
223.00
220.00
219.00
215.00
213.00
208.00
206.00
203.00
202.00
201.00
200.00
199.00
196.00
193.00
192.00
191.00
187.00
184.00
183.00
183.00
181.00
175.00
174.00
173.00
173.00
172.00
172.00
172.00
172.00
171.00
167.00
167.00
167.00
166.00
165.00
165.00
163.00
163.00
161.00
157.00
156.00
156.00
154.00
151.00
143.00
136.00
134.00
131.00
129.00
125.00
125.00
124.00
120.00
120.00
118.00
117.00
116.00
115.00
113.00
113.00
112.00
112.00
112.00
108.00
105.00
104.00
103.00
102.00
99.00
97.00
97.00
96.00
95.00
88.00
87.00
86.00
85.00
83.00
76.00
73.00
71.00
69.00
69.00
68.00
68.00
68.00
66.00
63.00
61.00
61.00
55.00
54.00
53.00
52.00
52.00
52.00
47.00
47.00
44.00
43.00
42.00
41.00
41.00
39.00
36.00
34.00
33.00
31.00
31.00
31.00
27.00
23.00
22.00
