//Number of items      
200
//Bin Capacity         
1000.00
//Known Best Solution  
39
//Weight of Item		  
378.00
376.00
373.00
372.00
372.00
372.00
372.00
370.00
367.00
367.00
362.00
358.00
355.00
355.00
354.00
350.00
346.00
344.00
340.00
340.00
339.00
336.00
335.00
334.00
334.00
334.00
334.00
333.00
329.00
328.00
321.00
318.00
317.00
317.00
316.00
316.00
311.00
308.00
306.00
303.00
302.00
300.00
299.00
299.00
298.00
297.00
294.00
293.00
292.00
285.00
278.00
278.00
277.00
276.00
275.00
274.00
270.00
268.00
267.00
263.00
261.00
259.00
255.00
253.00
252.00
251.00
251.00
251.00
246.00
244.00
242.00
241.00
240.00
239.00
238.00
238.00
237.00
235.00
234.00
233.00
232.00
232.00
230.00
225.00
224.00
222.00
216.00
215.00
213.00
210.00
204.00
197.00
193.00
185.00
176.00
176.00
174.00
173.00
172.00
172.00
171.00
168.00
165.00
160.00
160.00
158.00
156.00
156.00
154.00
153.00
152.00
151.00
151.00
151.00
150.00
148.00
146.00
145.00
144.00
143.00
143.00
140.00
140.00
138.00
138.00
135.00
134.00
133.00
128.00
127.00
126.00
122.00
122.00
120.00
119.00
119.00
115.00
115.00
113.00
111.00
110.00
110.00
107.00
106.00
106.00
105.00
105.00
103.00
103.00
102.00
102.00
102.00
101.00
99.00
99.00
98.00
94.00
93.00
93.00
93.00
92.00
91.00
90.00
89.00
89.00
88.00
87.00
85.00
82.00
81.00
81.00
79.00
78.00
78.00
75.00
75.00
72.00
72.00
71.00
69.00
66.00
62.00
59.00
58.00
57.00
56.00
52.00
52.00
48.00
45.00
41.00
41.00
37.00
33.00
31.00
30.00
29.00
26.00
24.00
23.00
