//Number of items      
200
//Bin Capacity         
1000.00
//Known Best Solution  
39
//Weight of Item		  
378.00
375.00
370.00
368.00
364.00
364.00
364.00
361.00
360.00
360.00
350.00
349.00
349.00
347.00
345.00
340.00
340.00
339.00
339.00
339.00
335.00
332.00
330.00
321.00
321.00
321.00
317.00
316.00
313.00
312.00
311.00
310.00
307.00
304.00
303.00
298.00
295.00
294.00
292.00
292.00
279.00
277.00
277.00
274.00
271.00
267.00
267.00
267.00
265.00
263.00
262.00
261.00
259.00
256.00
255.00
254.00
253.00
251.00
251.00
250.00
248.00
247.00
246.00
245.00
245.00
243.00
242.00
242.00
241.00
239.00
238.00
238.00
236.00
236.00
235.00
234.00
232.00
231.00
230.00
229.00
225.00
223.00
223.00
222.00
221.00
220.00
216.00
216.00
216.00
216.00
215.00
213.00
213.00
212.00
210.00
209.00
203.00
200.00
198.00
197.00
197.00
192.00
191.00
190.00
187.00
187.00
186.00
185.00
185.00
178.00
178.00
175.00
174.00
174.00
172.00
170.00
169.00
165.00
165.00
157.00
156.00
154.00
154.00
154.00
154.00
148.00
148.00
147.00
145.00
144.00
142.00
142.00
139.00
136.00
136.00
135.00
134.00
133.00
129.00
129.00
128.00
128.00
127.00
127.00
125.00
124.00
124.00
124.00
123.00
122.00
118.00
113.00
112.00
111.00
108.00
108.00
107.00
106.00
101.00
98.00
96.00
96.00
94.00
94.00
91.00
89.00
88.00
86.00
82.00
79.00
76.00
72.00
71.00
70.00
67.00
65.00
65.00
63.00
63.00
62.00
61.00
60.00
58.00
57.00
55.00
47.00
47.00
47.00
45.00
36.00
35.00
31.00
28.00
28.00
28.00
28.00
28.00
25.00
24.00
23.00
