//Number of items      
200
//Bin Capacity         
1000.00
//Known Best Solution  
42
//Weight of Item		  
300.00
298.00
298.00
297.00
295.00
294.00
293.00
292.00
292.00
290.00
290.00
289.00
289.00
289.00
288.00
288.00
288.00
288.00
287.00
287.00
286.00
286.00
286.00
285.00
284.00
283.00
282.00
282.00
282.00
281.00
278.00
277.00
276.00
275.00
275.00
274.00
273.00
272.00
272.00
272.00
272.00
271.00
270.00
269.00
268.00
267.00
267.00
266.00
266.00
265.00
263.00
263.00
263.00
262.00
260.00
259.00
259.00
258.00
256.00
255.00
254.00
254.00
253.00
251.00
249.00
249.00
248.00
247.00
246.00
245.00
245.00
241.00
241.00
238.00
234.00
233.00
233.00
231.00
230.00
228.00
227.00
227.00
227.00
225.00
224.00
223.00
223.00
221.00
219.00
219.00
219.00
218.00
217.00
216.00
214.00
214.00
214.00
214.00
210.00
209.00
208.00
207.00
204.00
204.00
204.00
203.00
202.00
200.00
199.00
198.00
197.00
194.00
194.00
192.00
192.00
192.00
191.00
190.00
190.00
190.00
189.00
188.00
187.00
186.00
185.00
183.00
182.00
181.00
181.00
181.00
179.00
178.00
173.00
173.00
171.00
171.00
171.00
169.00
168.00
167.00
167.00
165.00
165.00
165.00
163.00
160.00
159.00
158.00
158.00
157.00
157.00
154.00
153.00
153.00
151.00
151.00
151.00
151.00
149.00
148.00
146.00
145.00
144.00
142.00
141.00
141.00
141.00
139.00
139.00
139.00
136.00
135.00
134.00
134.00
134.00
131.00
130.00
127.00
125.00
123.00
123.00
121.00
120.00
119.00
119.00
119.00
118.00
118.00
116.00
116.00
115.00
115.00
112.00
111.00
110.00
107.00
107.00
106.00
105.00
105.00
