//Number of items      
200
//Bin Capacity         
1000.00
//Known Best Solution  
40
//Weight of Item		  
297.00
296.00
296.00
296.00
293.00
292.00
292.00
290.00
290.00
289.00
289.00
287.00
284.00
282.00
282.00
279.00
278.00
277.00
277.00
275.00
273.00
273.00
268.00
267.00
267.00
266.00
265.00
264.00
264.00
264.00
261.00
260.00
260.00
259.00
259.00
259.00
257.00
257.00
256.00
253.00
252.00
252.00
252.00
251.00
251.00
251.00
250.00
249.00
245.00
243.00
243.00
243.00
243.00
242.00
242.00
236.00
236.00
236.00
231.00
231.00
231.00
229.00
229.00
229.00
227.00
225.00
223.00
223.00
223.00
222.00
222.00
218.00
217.00
217.00
217.00
216.00
215.00
214.00
212.00
211.00
210.00
210.00
210.00
210.00
208.00
208.00
207.00
207.00
206.00
204.00
203.00
202.00
199.00
198.00
196.00
196.00
195.00
195.00
194.00
191.00
190.00
190.00
190.00
190.00
190.00
187.00
186.00
185.00
184.00
184.00
183.00
183.00
183.00
182.00
181.00
181.00
179.00
179.00
179.00
175.00
175.00
175.00
175.00
174.00
174.00
173.00
173.00
173.00
172.00
171.00
171.00
169.00
169.00
168.00
168.00
167.00
167.00
166.00
166.00
165.00
163.00
163.00
163.00
162.00
160.00
159.00
159.00
159.00
155.00
154.00
153.00
153.00
153.00
151.00
151.00
150.00
149.00
143.00
142.00
141.00
141.00
141.00
140.00
138.00
136.00
135.00
132.00
132.00
130.00
130.00
129.00
128.00
128.00
127.00
126.00
125.00
125.00
125.00
125.00
122.00
122.00
121.00
121.00
119.00
119.00
118.00
113.00
112.00
112.00
112.00
112.00
111.00
110.00
110.00
110.00
109.00
109.00
107.00
103.00
102.00
