//Number of items      
200
//Bin Capacity         
1000.00
//Known Best Solution  
39
//Weight of Item		  
378.00
378.00
375.00
374.00
373.00
366.00
363.00
362.00
359.00
358.00
353.00
352.00
350.00
348.00
348.00
347.00
345.00
343.00
339.00
339.00
330.00
329.00
323.00
323.00
322.00
321.00
320.00
318.00
317.00
315.00
314.00
313.00
311.00
308.00
306.00
301.00
298.00
297.00
292.00
292.00
292.00
291.00
283.00
283.00
282.00
281.00
281.00
269.00
266.00
266.00
266.00
265.00
265.00
262.00
258.00
256.00
256.00
252.00
247.00
246.00
244.00
242.00
241.00
241.00
241.00
239.00
239.00
237.00
235.00
235.00
231.00
231.00
229.00
228.00
224.00
223.00
223.00
221.00
220.00
218.00
212.00
210.00
210.00
207.00
207.00
206.00
205.00
205.00
202.00
200.00
193.00
193.00
193.00
190.00
189.00
189.00
188.00
188.00
187.00
187.00
186.00
184.00
182.00
180.00
178.00
178.00
177.00
175.00
173.00
172.00
172.00
171.00
169.00
167.00
167.00
162.00
161.00
159.00
159.00
159.00
158.00
157.00
156.00
155.00
154.00
153.00
152.00
151.00
149.00
149.00
149.00
146.00
146.00
145.00
144.00
144.00
142.00
137.00
137.00
135.00
134.00
133.00
132.00
132.00
128.00
124.00
124.00
123.00
120.00
116.00
116.00
115.00
115.00
110.00
107.00
107.00
103.00
101.00
98.00
96.00
91.00
91.00
86.00
84.00
83.00
83.00
82.00
79.00
75.00
74.00
74.00
72.00
72.00
65.00
62.00
61.00
59.00
59.00
54.00
52.00
50.00
47.00
46.00
45.00
43.00
43.00
41.00
39.00
39.00
39.00
37.00
35.00
34.00
33.00
31.00
30.00
29.00
28.00
26.00
22.00
