//Number of items      
200
//Bin Capacity         
1000.00
//Known Best Solution  
40
//Weight of Item		  
377.00
375.00
373.00
369.00
368.00
362.00
362.00
361.00
360.00
360.00
358.00
357.00
357.00
356.00
355.00
354.00
348.00
343.00
340.00
339.00
338.00
336.00
332.00
329.00
328.00
327.00
324.00
321.00
321.00
320.00
320.00
320.00
318.00
314.00
311.00
310.00
309.00
305.00
303.00
302.00
302.00
301.00
299.00
297.00
297.00
295.00
292.00
291.00
290.00
289.00
289.00
288.00
287.00
286.00
280.00
279.00
277.00
275.00
274.00
265.00
264.00
257.00
257.00
256.00
255.00
247.00
247.00
246.00
246.00
243.00
242.00
240.00
240.00
237.00
236.00
232.00
230.00
230.00
229.00
227.00
226.00
223.00
221.00
219.00
217.00
213.00
213.00
212.00
209.00
208.00
208.00
207.00
202.00
201.00
200.00
199.00
198.00
197.00
193.00
191.00
189.00
188.00
188.00
187.00
184.00
182.00
182.00
181.00
181.00
180.00
180.00
180.00
180.00
177.00
176.00
170.00
169.00
169.00
169.00
164.00
164.00
163.00
163.00
156.00
156.00
156.00
153.00
148.00
147.00
145.00
141.00
139.00
134.00
134.00
134.00
132.00
128.00
125.00
124.00
123.00
123.00
122.00
121.00
120.00
116.00
116.00
116.00
115.00
115.00
113.00
109.00
104.00
104.00
104.00
103.00
102.00
89.00
88.00
86.00
85.00
84.00
84.00
84.00
82.00
80.00
77.00
76.00
75.00
74.00
74.00
74.00
73.00
68.00
67.00
66.00
65.00
62.00
62.00
59.00
51.00
49.00
49.00
49.00
48.00
48.00
46.00
46.00
44.00
43.00
43.00
42.00
39.00
38.00
33.00
30.00
29.00
27.00
26.00
26.00
24.00
