//Number of items      
200
//Bin Capacity         
1000.00
//Known Best Solution  
40
//Weight of Item		  
300.00
300.00
297.00
296.00
295.00
295.00
295.00
294.00
292.00
291.00
287.00
286.00
285.00
284.00
283.00
283.00
282.00
282.00
282.00
280.00
280.00
278.00
276.00
275.00
275.00
268.00
268.00
267.00
264.00
263.00
262.00
261.00
261.00
260.00
259.00
259.00
259.00
258.00
258.00
257.00
253.00
253.00
253.00
251.00
249.00
249.00
249.00
249.00
248.00
246.00
246.00
245.00
245.00
245.00
242.00
241.00
241.00
240.00
238.00
237.00
234.00
233.00
233.00
229.00
226.00
224.00
224.00
223.00
223.00
223.00
222.00
222.00
221.00
220.00
220.00
218.00
218.00
217.00
217.00
217.00
216.00
216.00
216.00
216.00
215.00
214.00
214.00
213.00
213.00
212.00
211.00
210.00
209.00
207.00
207.00
205.00
202.00
202.00
201.00
200.00
199.00
198.00
197.00
195.00
195.00
195.00
194.00
194.00
194.00
193.00
191.00
191.00
191.00
187.00
186.00
185.00
184.00
178.00
175.00
175.00
175.00
175.00
175.00
174.00
173.00
172.00
171.00
168.00
168.00
168.00
166.00
165.00
165.00
164.00
162.00
161.00
161.00
160.00
160.00
157.00
156.00
155.00
155.00
155.00
152.00
151.00
150.00
149.00
147.00
144.00
144.00
143.00
142.00
142.00
141.00
141.00
141.00
140.00
139.00
139.00
139.00
139.00
139.00
138.00
137.00
136.00
135.00
135.00
134.00
134.00
133.00
132.00
132.00
131.00
131.00
131.00
131.00
131.00
130.00
129.00
129.00
126.00
125.00
124.00
122.00
122.00
122.00
120.00
120.00
118.00
117.00
115.00
113.00
108.00
107.00
104.00
103.00
103.00
102.00
102.00
