//Number of items      
200
//Bin Capacity         
1000.00
//Known Best Solution  
42
//Weight of Item		  
378.00
374.00
373.00
372.00
371.00
371.00
371.00
370.00
362.00
362.00
361.00
358.00
358.00
357.00
356.00
354.00
353.00
351.00
351.00
350.00
348.00
346.00
346.00
344.00
341.00
340.00
339.00
338.00
336.00
336.00
334.00
332.00
330.00
330.00
328.00
324.00
324.00
321.00
320.00
319.00
318.00
317.00
317.00
316.00
316.00
309.00
309.00
309.00
308.00
308.00
307.00
307.00
306.00
304.00
303.00
302.00
301.00
300.00
300.00
299.00
290.00
290.00
289.00
287.00
282.00
279.00
272.00
270.00
269.00
267.00
266.00
263.00
262.00
261.00
258.00
257.00
255.00
254.00
253.00
253.00
250.00
249.00
246.00
242.00
242.00
242.00
242.00
238.00
238.00
238.00
237.00
235.00
232.00
230.00
230.00
228.00
225.00
221.00
221.00
219.00
217.00
213.00
210.00
210.00
209.00
206.00
205.00
203.00
203.00
200.00
199.00
198.00
198.00
197.00
195.00
190.00
190.00
187.00
180.00
178.00
177.00
177.00
176.00
167.00
166.00
166.00
165.00
159.00
159.00
157.00
155.00
154.00
154.00
153.00
151.00
151.00
151.00
150.00
147.00
141.00
139.00
139.00
138.00
136.00
129.00
128.00
128.00
127.00
126.00
125.00
123.00
115.00
110.00
105.00
104.00
101.00
100.00
99.00
96.00
96.00
93.00
92.00
92.00
91.00
89.00
89.00
88.00
87.00
86.00
79.00
77.00
76.00
73.00
70.00
68.00
65.00
57.00
54.00
54.00
53.00
49.00
48.00
46.00
46.00
42.00
38.00
38.00
37.00
37.00
37.00
34.00
33.00
30.00
30.00
30.00
27.00
25.00
22.00
22.00
22.00
