//Number of items      
200
//Bin Capacity         
1000.00
//Known Best Solution  
40
//Weight of Item		  
300.00
298.00
298.00
298.00
298.00
295.00
295.00
293.00
293.00
292.00
290.00
289.00
288.00
288.00
288.00
287.00
286.00
286.00
285.00
285.00
284.00
284.00
283.00
283.00
280.00
279.00
279.00
277.00
275.00
273.00
271.00
270.00
269.00
268.00
266.00
266.00
265.00
261.00
260.00
260.00
258.00
254.00
253.00
252.00
252.00
252.00
250.00
250.00
249.00
249.00
248.00
244.00
244.00
241.00
240.00
238.00
238.00
238.00
235.00
234.00
232.00
231.00
231.00
230.00
230.00
227.00
226.00
226.00
225.00
225.00
225.00
224.00
224.00
223.00
223.00
222.00
222.00
222.00
222.00
221.00
221.00
220.00
220.00
220.00
220.00
220.00
219.00
219.00
217.00
216.00
215.00
213.00
213.00
212.00
210.00
210.00
210.00
206.00
205.00
205.00
204.00
203.00
203.00
203.00
203.00
196.00
193.00
192.00
191.00
188.00
188.00
187.00
186.00
185.00
183.00
183.00
182.00
181.00
178.00
176.00
175.00
174.00
173.00
172.00
172.00
171.00
171.00
171.00
170.00
167.00
166.00
164.00
164.00
163.00
163.00
161.00
161.00
159.00
157.00
155.00
154.00
153.00
152.00
152.00
152.00
151.00
148.00
147.00
146.00
146.00
144.00
144.00
143.00
142.00
141.00
141.00
139.00
139.00
136.00
136.00
136.00
135.00
135.00
133.00
132.00
132.00
132.00
127.00
127.00
126.00
123.00
123.00
122.00
121.00
120.00
120.00
120.00
118.00
117.00
115.00
114.00
113.00
113.00
112.00
112.00
111.00
111.00
111.00
111.00
110.00
109.00
108.00
108.00
107.00
107.00
105.00
104.00
104.00
104.00
102.00
