//Number of items      
200
//Bin Capacity         
1000.00
//Known Best Solution  
39
//Weight of Item		  
300.00
297.00
295.00
293.00
288.00
288.00
287.00
286.00
286.00
286.00
284.00
282.00
281.00
281.00
280.00
280.00
278.00
276.00
273.00
272.00
271.00
270.00
269.00
269.00
267.00
265.00
265.00
264.00
263.00
261.00
260.00
255.00
254.00
254.00
253.00
252.00
251.00
251.00
250.00
248.00
247.00
244.00
238.00
238.00
238.00
237.00
237.00
237.00
235.00
235.00
235.00
231.00
231.00
230.00
230.00
230.00
230.00
230.00
229.00
228.00
228.00
227.00
225.00
225.00
224.00
223.00
223.00
223.00
220.00
220.00
220.00
219.00
217.00
216.00
216.00
216.00
214.00
214.00
213.00
213.00
213.00
207.00
207.00
206.00
205.00
204.00
204.00
203.00
202.00
201.00
201.00
200.00
200.00
199.00
199.00
199.00
197.00
197.00
196.00
196.00
195.00
195.00
195.00
195.00
194.00
194.00
193.00
190.00
189.00
188.00
188.00
187.00
186.00
185.00
182.00
182.00
180.00
173.00
172.00
171.00
170.00
169.00
168.00
168.00
167.00
166.00
163.00
162.00
162.00
161.00
160.00
160.00
158.00
158.00
157.00
156.00
156.00
154.00
153.00
151.00
151.00
150.00
149.00
148.00
147.00
145.00
143.00
143.00
143.00
142.00
141.00
139.00
139.00
138.00
138.00
137.00
136.00
136.00
136.00
132.00
131.00
131.00
131.00
130.00
129.00
128.00
127.00
127.00
126.00
126.00
125.00
124.00
122.00
120.00
120.00
119.00
118.00
116.00
116.00
115.00
115.00
115.00
114.00
113.00
113.00
112.00
112.00
112.00
111.00
111.00
111.00
110.00
110.00
109.00
108.00
107.00
106.00
105.00
105.00
102.00
