//Number of items      
200
//Bin Capacity         
1000.00
//Known Best Solution  
42
//Weight of Item		  
380.00
379.00
378.00
377.00
377.00
373.00
373.00
370.00
369.00
368.00
367.00
365.00
364.00
364.00
361.00
355.00
354.00
352.00
351.00
348.00
342.00
340.00
339.00
338.00
337.00
336.00
333.00
329.00
326.00
326.00
325.00
325.00
325.00
322.00
321.00
320.00
319.00
319.00
318.00
317.00
317.00
316.00
316.00
311.00
305.00
304.00
301.00
301.00
299.00
295.00
293.00
292.00
292.00
288.00
287.00
285.00
285.00
282.00
281.00
281.00
280.00
280.00
279.00
279.00
279.00
278.00
272.00
272.00
270.00
267.00
264.00
263.00
255.00
254.00
254.00
251.00
249.00
249.00
245.00
243.00
243.00
242.00
241.00
240.00
236.00
233.00
229.00
228.00
228.00
225.00
225.00
222.00
222.00
217.00
216.00
216.00
215.00
210.00
210.00
206.00
206.00
205.00
204.00
202.00
202.00
199.00
199.00
198.00
198.00
197.00
196.00
188.00
188.00
187.00
185.00
179.00
178.00
177.00
176.00
176.00
175.00
175.00
175.00
174.00
173.00
173.00
171.00
166.00
165.00
162.00
161.00
161.00
160.00
159.00
158.00
158.00
158.00
158.00
155.00
154.00
153.00
152.00
149.00
149.00
144.00
140.00
139.00
138.00
135.00
131.00
129.00
127.00
127.00
125.00
119.00
118.00
118.00
116.00
116.00
114.00
106.00
102.00
98.00
92.00
91.00
91.00
89.00
89.00
86.00
85.00
84.00
83.00
82.00
79.00
77.00
75.00
75.00
71.00
70.00
67.00
65.00
59.00
58.00
57.00
56.00
55.00
52.00
41.00
40.00
40.00
36.00
33.00
31.00
30.00
30.00
28.00
27.00
23.00
22.00
22.00
