//Number of items      
200
//Bin Capacity         
1000.00
//Known Best Solution  
42
//Weight of Item		  
380.00
378.00
377.00
377.00
376.00
375.00
372.00
370.00
366.00
364.00
364.00
362.00
357.00
357.00
357.00
356.00
354.00
354.00
352.00
350.00
350.00
346.00
346.00
343.00
342.00
341.00
341.00
340.00
338.00
334.00
332.00
332.00
332.00
330.00
329.00
328.00
326.00
326.00
322.00
321.00
320.00
319.00
318.00
318.00
317.00
314.00
313.00
305.00
304.00
303.00
302.00
300.00
293.00
292.00
292.00
291.00
288.00
287.00
287.00
286.00
285.00
284.00
280.00
277.00
276.00
275.00
275.00
262.00
261.00
259.00
259.00
258.00
257.00
253.00
249.00
249.00
248.00
242.00
237.00
236.00
232.00
230.00
230.00
229.00
229.00
224.00
223.00
220.00
217.00
217.00
217.00
216.00
215.00
214.00
209.00
207.00
206.00
205.00
203.00
203.00
202.00
200.00
200.00
200.00
196.00
196.00
194.00
192.00
189.00
188.00
186.00
186.00
182.00
182.00
182.00
181.00
181.00
177.00
175.00
174.00
172.00
168.00
164.00
160.00
160.00
160.00
159.00
157.00
156.00
156.00
154.00
152.00
151.00
148.00
146.00
145.00
138.00
136.00
135.00
134.00
134.00
132.00
131.00
129.00
127.00
125.00
124.00
123.00
119.00
115.00
112.00
107.00
106.00
105.00
105.00
104.00
102.00
99.00
98.00
98.00
96.00
93.00
93.00
89.00
87.00
86.00
84.00
82.00
79.00
79.00
78.00
77.00
77.00
70.00
70.00
69.00
69.00
67.00
65.00
60.00
59.00
59.00
59.00
56.00
53.00
50.00
49.00
49.00
47.00
43.00
43.00
42.00
38.00
37.00
32.00
32.00
31.00
30.00
28.00
24.00
