//Number of items      
200
//Bin Capacity         
1000.00
//Known Best Solution  
40
//Weight of Item		  
299.00
299.00
298.00
297.00
294.00
291.00
291.00
291.00
289.00
288.00
288.00
288.00
287.00
286.00
286.00
285.00
284.00
284.00
282.00
281.00
281.00
280.00
280.00
279.00
279.00
278.00
277.00
276.00
275.00
275.00
273.00
273.00
270.00
268.00
267.00
263.00
261.00
261.00
259.00
259.00
258.00
257.00
256.00
254.00
253.00
251.00
251.00
250.00
250.00
249.00
248.00
243.00
240.00
239.00
239.00
238.00
238.00
238.00
237.00
237.00
236.00
235.00
234.00
233.00
233.00
233.00
232.00
231.00
229.00
228.00
226.00
226.00
225.00
222.00
221.00
221.00
219.00
219.00
219.00
219.00
217.00
216.00
216.00
215.00
214.00
214.00
214.00
214.00
214.00
212.00
211.00
211.00
208.00
204.00
204.00
202.00
202.00
202.00
200.00
199.00
198.00
197.00
197.00
196.00
196.00
196.00
195.00
195.00
194.00
193.00
192.00
190.00
184.00
184.00
180.00
179.00
178.00
177.00
176.00
176.00
175.00
174.00
173.00
171.00
170.00
169.00
168.00
167.00
167.00
167.00
167.00
166.00
166.00
166.00
166.00
165.00
164.00
164.00
163.00
161.00
161.00
159.00
159.00
159.00
155.00
154.00
151.00
151.00
149.00
149.00
149.00
147.00
147.00
144.00
143.00
139.00
137.00
137.00
135.00
134.00
134.00
134.00
133.00
133.00
133.00
132.00
132.00
130.00
129.00
127.00
127.00
124.00
122.00
120.00
120.00
118.00
117.00
115.00
114.00
114.00
114.00
113.00
113.00
113.00
112.00
111.00
111.00
111.00
108.00
108.00
108.00
106.00
106.00
105.00
105.00
103.00
103.00
103.00
103.00
102.00
