//Number of items      
200
//Bin Capacity         
1000.00
//Known Best Solution  
28
//Weight of Item		  
266.00
265.00
265.00
261.00
258.00
258.00
256.00
256.00
252.00
250.00
250.00
250.00
249.00
248.00
247.00
246.00
246.00
245.00
241.00
241.00
238.00
235.00
234.00
228.00
228.00
227.00
227.00
227.00
225.00
225.00
224.00
222.00
221.00
221.00
217.00
216.00
215.00
214.00
214.00
213.00
209.00
206.00
204.00
204.00
204.00
201.00
201.00
196.00
195.00
195.00
195.00
194.00
194.00
193.00
192.00
191.00
191.00
191.00
191.00
191.00
191.00
190.00
187.00
187.00
185.00
183.00
183.00
180.00
178.00
177.00
176.00
175.00
172.00
171.00
170.00
170.00
168.00
167.00
167.00
166.00
165.00
164.00
164.00
161.00
157.00
156.00
154.00
153.00
153.00
148.00
147.00
146.00
145.00
143.00
143.00
141.00
141.00
139.00
139.00
138.00
138.00
135.00
134.00
131.00
128.00
128.00
128.00
127.00
127.00
127.00
126.00
125.00
123.00
123.00
119.00
118.00
115.00
115.00
113.00
113.00
111.00
108.00
107.00
106.00
104.00
99.00
99.00
97.00
94.00
92.00
91.00
88.00
88.00
87.00
87.00
86.00
86.00
85.00
84.00
84.00
81.00
81.00
79.00
79.00
78.00
78.00
77.00
75.00
74.00
70.00
69.00
69.00
68.00
66.00
65.00
64.00
64.00
62.00
61.00
61.00
60.00
59.00
54.00
54.00
53.00
52.00
49.00
46.00
46.00
45.00
44.00
44.00
43.00
41.00
39.00
37.00
35.00
35.00
34.00
34.00
33.00
33.00
33.00
32.00
31.00
29.00
29.00
29.00
28.00
28.00
28.00
28.00
27.00
25.00
25.00
24.00
23.00
22.00
21.00
21.00
