//Number of items      
200
//Bin Capacity         
1000.00
//Known Best Solution  
29
//Weight of Item		  
266.00
264.00
263.00
262.00
261.00
258.00
258.00
254.00
253.00
252.00
251.00
250.00
250.00
250.00
247.00
246.00
245.00
243.00
242.00
241.00
239.00
236.00
235.00
234.00
232.00
231.00
230.00
228.00
226.00
225.00
225.00
225.00
223.00
221.00
220.00
217.00
216.00
215.00
214.00
214.00
211.00
210.00
209.00
208.00
207.00
206.00
205.00
202.00
202.00
202.00
201.00
200.00
200.00
199.00
199.00
198.00
197.00
197.00
196.00
196.00
194.00
190.00
188.00
188.00
187.00
184.00
183.00
183.00
182.00
182.00
181.00
180.00
179.00
179.00
179.00
176.00
176.00
176.00
175.00
174.00
174.00
173.00
172.00
171.00
170.00
170.00
169.00
169.00
168.00
166.00
165.00
162.00
162.00
162.00
160.00
160.00
159.00
158.00
156.00
155.00
154.00
154.00
153.00
152.00
152.00
151.00
151.00
149.00
149.00
148.00
147.00
147.00
143.00
143.00
142.00
142.00
141.00
135.00
134.00
131.00
130.00
126.00
124.00
124.00
123.00
121.00
120.00
120.00
117.00
115.00
114.00
111.00
109.00
109.00
107.00
106.00
105.00
104.00
103.00
103.00
103.00
97.00
94.00
94.00
92.00
88.00
83.00
83.00
81.00
78.00
77.00
76.00
76.00
74.00
74.00
73.00
71.00
70.00
65.00
64.00
63.00
62.00
62.00
61.00
60.00
59.00
56.00
54.00
54.00
51.00
51.00
51.00
50.00
48.00
45.00
43.00
42.00
42.00
42.00
40.00
40.00
39.00
37.00
32.00
31.00
30.00
29.00
29.00
28.00
27.00
25.00
25.00
24.00
22.00
22.00
21.00
21.00
19.00
18.00
17.00
