//Number of items      
200
//Bin Capacity         
1000.00
//Known Best Solution  
27
//Weight of Item		  
265.00
264.00
262.00
261.00
260.00
259.00
259.00
258.00
258.00
255.00
254.00
250.00
250.00
249.00
248.00
245.00
244.00
244.00
242.00
241.00
238.00
235.00
234.00
227.00
227.00
225.00
224.00
224.00
224.00
223.00
222.00
222.00
219.00
218.00
217.00
216.00
215.00
212.00
212.00
210.00
206.00
206.00
205.00
203.00
201.00
201.00
199.00
198.00
197.00
196.00
196.00
196.00
195.00
194.00
193.00
193.00
191.00
191.00
190.00
190.00
188.00
187.00
184.00
183.00
181.00
179.00
178.00
176.00
173.00
172.00
172.00
172.00
169.00
169.00
167.00
163.00
162.00
160.00
157.00
156.00
155.00
154.00
152.00
151.00
149.00
149.00
149.00
145.00
144.00
144.00
143.00
142.00
142.00
142.00
141.00
139.00
135.00
134.00
133.00
133.00
131.00
130.00
130.00
127.00
126.00
120.00
119.00
119.00
115.00
113.00
113.00
112.00
105.00
105.00
104.00
101.00
100.00
99.00
98.00
96.00
96.00
95.00
94.00
94.00
91.00
89.00
88.00
86.00
86.00
86.00
84.00
83.00
76.00
75.00
74.00
73.00
72.00
72.00
72.00
69.00
68.00
66.00
65.00
65.00
63.00
63.00
62.00
62.00
58.00
57.00
56.00
56.00
56.00
55.00
54.00
53.00
52.00
52.00
52.00
51.00
51.00
51.00
51.00
49.00
47.00
47.00
46.00
46.00
45.00
44.00
43.00
42.00
41.00
40.00
39.00
38.00
38.00
38.00
38.00
38.00
37.00
37.00
36.00
35.00
34.00
34.00
30.00
29.00
27.00
27.00
24.00
23.00
23.00
23.00
20.00
20.00
20.00
20.00
16.00
16.00
