//Number of items      
200
//Bin Capacity         
1000.00
//Known Best Solution  
29
//Weight of Item		  
210.00
210.00
210.00
209.00
207.00
206.00
205.00
205.00
204.00
204.00
203.00
202.00
202.00
202.00
201.00
200.00
198.00
198.00
198.00
198.00
198.00
197.00
196.00
193.00
193.00
192.00
192.00
191.00
191.00
190.00
190.00
189.00
188.00
188.00
187.00
186.00
186.00
184.00
184.00
184.00
183.00
183.00
183.00
183.00
182.00
182.00
181.00
181.00
180.00
180.00
179.00
178.00
177.00
177.00
177.00
175.00
175.00
175.00
173.00
173.00
172.00
171.00
171.00
169.00
168.00
167.00
167.00
167.00
166.00
166.00
165.00
165.00
163.00
162.00
161.00
160.00
159.00
157.00
157.00
157.00
155.00
154.00
154.00
154.00
151.00
150.00
149.00
148.00
148.00
147.00
146.00
144.00
144.00
142.00
140.00
140.00
139.00
138.00
138.00
137.00
137.00
137.00
136.00
136.00
135.00
135.00
135.00
133.00
132.00
131.00
131.00
130.00
129.00
127.00
126.00
126.00
125.00
124.00
124.00
124.00
123.00
123.00
123.00
122.00
122.00
120.00
120.00
120.00
120.00
120.00
120.00
118.00
117.00
117.00
116.00
116.00
114.00
113.00
113.00
113.00
112.00
111.00
108.00
107.00
107.00
106.00
105.00
105.00
105.00
103.00
103.00
102.00
101.00
101.00
101.00
100.00
100.00
100.00
99.00
99.00
98.00
98.00
98.00
95.00
94.00
94.00
94.00
93.00
91.00
89.00
88.00
87.00
87.00
87.00
85.00
85.00
85.00
85.00
85.00
84.00
82.00
80.00
79.00
79.00
78.00
78.00
78.00
77.00
76.00
75.00
75.00
75.00
74.00
74.00
74.00
74.00
73.00
73.00
73.00
72.00
