//Number of items      
200
//Bin Capacity         
1000.00
//Known Best Solution  
29
//Weight of Item		  
264.00
263.00
262.00
261.00
259.00
257.00
256.00
256.00
255.00
255.00
253.00
253.00
253.00
251.00
250.00
249.00
248.00
247.00
246.00
246.00
245.00
244.00
244.00
241.00
240.00
240.00
237.00
235.00
234.00
233.00
229.00
229.00
229.00
227.00
226.00
225.00
222.00
222.00
222.00
221.00
221.00
218.00
217.00
217.00
216.00
216.00
215.00
215.00
214.00
213.00
211.00
211.00
211.00
208.00
208.00
208.00
208.00
207.00
206.00
204.00
204.00
199.00
193.00
193.00
192.00
191.00
191.00
190.00
189.00
189.00
188.00
187.00
185.00
184.00
183.00
181.00
180.00
176.00
175.00
175.00
175.00
171.00
170.00
169.00
169.00
165.00
164.00
161.00
160.00
159.00
159.00
158.00
158.00
158.00
154.00
154.00
152.00
151.00
149.00
148.00
146.00
145.00
143.00
142.00
141.00
140.00
137.00
136.00
135.00
131.00
130.00
130.00
128.00
127.00
126.00
125.00
125.00
124.00
120.00
120.00
119.00
118.00
115.00
114.00
108.00
107.00
107.00
104.00
103.00
101.00
101.00
97.00
97.00
97.00
96.00
95.00
94.00
94.00
93.00
92.00
92.00
91.00
90.00
89.00
89.00
88.00
85.00
84.00
84.00
83.00
83.00
78.00
76.00
75.00
74.00
74.00
72.00
70.00
70.00
69.00
68.00
67.00
66.00
65.00
64.00
64.00
60.00
56.00
56.00
56.00
56.00
52.00
51.00
51.00
50.00
48.00
44.00
41.00
41.00
40.00
37.00
36.00
36.00
35.00
35.00
31.00
31.00
30.00
28.00
28.00
27.00
26.00
25.00
22.00
21.00
18.00
17.00
17.00
16.00
16.00
