//Number of items      
200
//Bin Capacity         
1000.00
//Known Best Solution  
28
//Weight of Item		  
209.00
208.00
208.00
208.00
207.00
207.00
207.00
206.00
206.00
204.00
204.00
204.00
204.00
203.00
203.00
203.00
203.00
201.00
200.00
199.00
199.00
198.00
196.00
196.00
196.00
195.00
195.00
195.00
194.00
193.00
191.00
189.00
188.00
188.00
186.00
186.00
185.00
184.00
184.00
183.00
183.00
183.00
181.00
181.00
180.00
180.00
177.00
177.00
176.00
176.00
175.00
174.00
173.00
172.00
172.00
171.00
170.00
170.00
170.00
169.00
167.00
166.00
166.00
163.00
163.00
162.00
161.00
160.00
159.00
159.00
159.00
159.00
158.00
157.00
157.00
157.00
157.00
157.00
156.00
155.00
155.00
154.00
154.00
152.00
152.00
150.00
150.00
147.00
144.00
143.00
143.00
143.00
141.00
140.00
138.00
138.00
138.00
136.00
135.00
134.00
133.00
133.00
130.00
130.00
129.00
129.00
129.00
128.00
127.00
126.00
126.00
125.00
124.00
122.00
122.00
121.00
120.00
120.00
120.00
120.00
118.00
117.00
116.00
116.00
116.00
115.00
115.00
115.00
113.00
112.00
112.00
112.00
111.00
111.00
110.00
110.00
110.00
109.00
109.00
108.00
108.00
106.00
106.00
105.00
104.00
104.00
103.00
103.00
103.00
101.00
99.00
99.00
98.00
97.00
96.00
95.00
95.00
95.00
94.00
93.00
93.00
93.00
93.00
92.00
92.00
92.00
91.00
90.00
90.00
89.00
88.00
88.00
87.00
87.00
87.00
86.00
86.00
84.00
84.00
84.00
84.00
84.00
83.00
82.00
80.00
80.00
79.00
78.00
78.00
76.00
76.00
76.00
75.00
75.00
75.00
74.00
74.00
73.00
72.00
72.00
