//Number of items      
200
//Bin Capacity         
1000.00
//Known Best Solution  
27
//Weight of Item		  
263.00
260.00
260.00
259.00
258.00
256.00
254.00
253.00
252.00
251.00
249.00
248.00
246.00
243.00
243.00
241.00
239.00
239.00
238.00
237.00
235.00
235.00
232.00
232.00
227.00
227.00
225.00
225.00
223.00
221.00
220.00
219.00
217.00
216.00
216.00
215.00
214.00
211.00
211.00
211.00
208.00
208.00
208.00
208.00
207.00
206.00
206.00
205.00
203.00
202.00
197.00
197.00
195.00
195.00
194.00
192.00
192.00
191.00
190.00
188.00
188.00
185.00
182.00
181.00
181.00
181.00
180.00
180.00
179.00
177.00
176.00
174.00
172.00
170.00
169.00
165.00
165.00
164.00
163.00
161.00
159.00
159.00
158.00
157.00
154.00
152.00
149.00
148.00
148.00
146.00
144.00
143.00
142.00
137.00
137.00
133.00
132.00
130.00
130.00
124.00
123.00
123.00
121.00
121.00
119.00
119.00
112.00
111.00
110.00
109.00
108.00
108.00
105.00
105.00
104.00
103.00
102.00
101.00
99.00
98.00
98.00
97.00
96.00
95.00
95.00
94.00
93.00
88.00
87.00
83.00
81.00
80.00
79.00
78.00
78.00
77.00
77.00
76.00
75.00
75.00
74.00
73.00
72.00
72.00
71.00
67.00
66.00
65.00
64.00
63.00
58.00
58.00
57.00
54.00
54.00
54.00
53.00
53.00
53.00
52.00
52.00
52.00
50.00
50.00
49.00
49.00
49.00
48.00
47.00
47.00
46.00
45.00
45.00
45.00
43.00
42.00
39.00
37.00
37.00
37.00
36.00
36.00
36.00
35.00
34.00
34.00
31.00
30.00
29.00
28.00
28.00
24.00
24.00
20.00
20.00
20.00
19.00
19.00
17.00
17.00
