//Number of items      
200
//Bin Capacity         
1000.00
//Known Best Solution  
29
//Weight of Item		  
266.00
264.00
264.00
264.00
264.00
263.00
262.00
262.00
258.00
258.00
256.00
255.00
254.00
252.00
252.00
250.00
250.00
249.00
248.00
248.00
247.00
245.00
243.00
241.00
237.00
236.00
234.00
233.00
229.00
229.00
229.00
229.00
229.00
227.00
227.00
227.00
226.00
226.00
225.00
223.00
223.00
220.00
220.00
219.00
219.00
219.00
216.00
212.00
209.00
208.00
207.00
206.00
204.00
203.00
202.00
197.00
197.00
196.00
193.00
191.00
190.00
190.00
188.00
187.00
185.00
183.00
182.00
182.00
178.00
177.00
174.00
173.00
171.00
170.00
170.00
169.00
169.00
166.00
165.00
162.00
161.00
161.00
161.00
159.00
156.00
155.00
153.00
150.00
150.00
148.00
148.00
147.00
147.00
147.00
146.00
144.00
143.00
143.00
142.00
139.00
138.00
138.00
137.00
137.00
137.00
133.00
133.00
132.00
132.00
128.00
128.00
126.00
124.00
122.00
121.00
121.00
120.00
117.00
116.00
115.00
115.00
115.00
115.00
114.00
111.00
111.00
107.00
107.00
106.00
105.00
103.00
100.00
100.00
100.00
98.00
98.00
96.00
96.00
93.00
91.00
91.00
90.00
89.00
87.00
83.00
79.00
79.00
79.00
78.00
77.00
75.00
69.00
69.00
67.00
67.00
67.00
67.00
64.00
61.00
61.00
58.00
56.00
55.00
54.00
53.00
52.00
51.00
51.00
51.00
50.00
49.00
48.00
46.00
46.00
46.00
46.00
45.00
44.00
43.00
42.00
41.00
37.00
36.00
36.00
36.00
36.00
35.00
34.00
33.00
31.00
30.00
29.00
28.00
26.00
25.00
23.00
23.00
21.00
18.00
17.00
