//Number of items      
200
//Bin Capacity         
1000.00
//Known Best Solution  
29
//Weight of Item		  
264.00
263.00
262.00
261.00
260.00
260.00
259.00
255.00
255.00
255.00
253.00
252.00
250.00
248.00
243.00
242.00
241.00
241.00
241.00
236.00
235.00
234.00
233.00
232.00
231.00
230.00
230.00
226.00
226.00
225.00
225.00
224.00
224.00
221.00
220.00
218.00
216.00
210.00
208.00
206.00
205.00
203.00
203.00
203.00
200.00
196.00
196.00
196.00
195.00
192.00
192.00
190.00
189.00
189.00
188.00
188.00
187.00
186.00
184.00
184.00
183.00
182.00
180.00
179.00
179.00
175.00
175.00
173.00
173.00
172.00
171.00
170.00
169.00
169.00
166.00
165.00
163.00
162.00
162.00
162.00
160.00
160.00
160.00
159.00
159.00
158.00
158.00
157.00
157.00
156.00
153.00
151.00
149.00
149.00
149.00
148.00
148.00
147.00
147.00
146.00
146.00
146.00
144.00
143.00
142.00
141.00
141.00
139.00
139.00
139.00
138.00
138.00
138.00
137.00
133.00
132.00
132.00
132.00
126.00
125.00
123.00
121.00
121.00
119.00
119.00
119.00
118.00
118.00
118.00
116.00
115.00
113.00
109.00
108.00
106.00
105.00
104.00
102.00
100.00
99.00
99.00
97.00
97.00
97.00
97.00
93.00
93.00
91.00
88.00
85.00
84.00
84.00
83.00
83.00
82.00
81.00
80.00
80.00
79.00
77.00
75.00
73.00
73.00
69.00
69.00
68.00
66.00
66.00
64.00
63.00
62.00
61.00
57.00
55.00
54.00
53.00
52.00
50.00
49.00
47.00
46.00
45.00
43.00
42.00
37.00
36.00
35.00
35.00
34.00
34.00
31.00
28.00
28.00
26.00
24.00
24.00
24.00
22.00
18.00
17.00
