//Number of items      
200
//Bin Capacity         
1000.00
//Known Best Solution  
29
//Weight of Item		  
266.00
264.00
260.00
260.00
259.00
258.00
257.00
255.00
251.00
251.00
246.00
244.00
244.00
244.00
243.00
242.00
242.00
240.00
238.00
238.00
237.00
236.00
235.00
232.00
232.00
231.00
231.00
229.00
228.00
228.00
227.00
227.00
227.00
227.00
223.00
222.00
220.00
218.00
217.00
214.00
212.00
212.00
211.00
210.00
210.00
209.00
207.00
207.00
203.00
202.00
202.00
201.00
200.00
196.00
196.00
194.00
194.00
192.00
191.00
189.00
188.00
188.00
187.00
181.00
179.00
179.00
178.00
178.00
177.00
176.00
175.00
174.00
173.00
173.00
172.00
171.00
170.00
169.00
168.00
168.00
168.00
167.00
167.00
159.00
159.00
158.00
157.00
157.00
156.00
156.00
156.00
152.00
152.00
151.00
151.00
150.00
148.00
148.00
147.00
146.00
146.00
144.00
143.00
142.00
142.00
141.00
141.00
139.00
139.00
137.00
135.00
134.00
134.00
133.00
133.00
128.00
127.00
126.00
123.00
123.00
123.00
119.00
119.00
118.00
117.00
117.00
115.00
113.00
113.00
112.00
111.00
110.00
110.00
108.00
108.00
107.00
106.00
106.00
103.00
102.00
100.00
99.00
98.00
97.00
97.00
97.00
96.00
91.00
90.00
88.00
88.00
88.00
88.00
82.00
81.00
81.00
78.00
76.00
75.00
75.00
75.00
74.00
74.00
73.00
72.00
70.00
69.00
68.00
68.00
65.00
64.00
62.00
62.00
60.00
57.00
55.00
54.00
53.00
52.00
52.00
51.00
45.00
43.00
41.00
41.00
38.00
38.00
37.00
33.00
33.00
30.00
30.00
28.00
28.00
27.00
27.00
26.00
25.00
18.00
17.00
