//Number of items      
200
//Bin Capacity         
1000.00
//Known Best Solution  
29
//Weight of Item		  
265.00
265.00
262.00
262.00
262.00
260.00
259.00
259.00
256.00
251.00
251.00
251.00
249.00
248.00
246.00
245.00
244.00
241.00
239.00
238.00
238.00
238.00
238.00
237.00
237.00
232.00
226.00
224.00
222.00
220.00
219.00
218.00
217.00
217.00
216.00
214.00
212.00
211.00
209.00
208.00
208.00
208.00
207.00
206.00
205.00
204.00
204.00
203.00
203.00
201.00
198.00
197.00
197.00
197.00
191.00
191.00
189.00
188.00
188.00
187.00
187.00
182.00
180.00
180.00
180.00
179.00
179.00
177.00
175.00
175.00
175.00
173.00
173.00
173.00
173.00
173.00
168.00
167.00
166.00
166.00
166.00
165.00
163.00
162.00
159.00
158.00
158.00
158.00
157.00
155.00
153.00
153.00
151.00
151.00
151.00
150.00
150.00
149.00
149.00
148.00
144.00
143.00
142.00
138.00
135.00
135.00
135.00
134.00
134.00
133.00
132.00
130.00
129.00
127.00
126.00
126.00
123.00
121.00
121.00
120.00
118.00
118.00
116.00
116.00
115.00
113.00
113.00
112.00
111.00
110.00
109.00
108.00
108.00
107.00
106.00
105.00
104.00
100.00
99.00
99.00
98.00
98.00
97.00
97.00
92.00
91.00
90.00
90.00
88.00
88.00
84.00
84.00
84.00
80.00
76.00
74.00
73.00
71.00
69.00
69.00
68.00
68.00
67.00
67.00
66.00
65.00
64.00
63.00
63.00
62.00
59.00
59.00
58.00
58.00
57.00
57.00
56.00
55.00
53.00
52.00
52.00
49.00
47.00
46.00
44.00
44.00
40.00
36.00
32.00
31.00
29.00
29.00
28.00
27.00
24.00
23.00
21.00
20.00
18.00
16.00
