//Number of items      
200
//Bin Capacity         
1000.00
//Known Best Solution  
29
//Weight of Item		  
207.00
206.00
206.00
206.00
206.00
204.00
202.00
202.00
201.00
201.00
200.00
199.00
199.00
197.00
195.00
195.00
194.00
194.00
193.00
191.00
190.00
189.00
189.00
189.00
189.00
188.00
188.00
187.00
187.00
185.00
184.00
184.00
182.00
181.00
181.00
180.00
179.00
178.00
178.00
176.00
176.00
175.00
175.00
174.00
173.00
173.00
173.00
172.00
171.00
171.00
168.00
168.00
166.00
166.00
165.00
164.00
164.00
163.00
163.00
163.00
163.00
163.00
161.00
161.00
161.00
160.00
159.00
158.00
158.00
158.00
157.00
157.00
157.00
157.00
156.00
154.00
154.00
153.00
152.00
152.00
151.00
150.00
150.00
150.00
150.00
150.00
149.00
147.00
147.00
147.00
147.00
147.00
146.00
145.00
144.00
144.00
144.00
144.00
143.00
143.00
141.00
141.00
140.00
140.00
140.00
139.00
139.00
138.00
138.00
138.00
138.00
138.00
137.00
137.00
136.00
135.00
135.00
135.00
135.00
135.00
134.00
134.00
133.00
133.00
133.00
133.00
129.00
129.00
129.00
127.00
126.00
126.00
125.00
124.00
123.00
123.00
123.00
121.00
120.00
120.00
119.00
119.00
118.00
118.00
117.00
116.00
116.00
114.00
113.00
111.00
110.00
109.00
109.00
106.00
106.00
104.00
104.00
104.00
103.00
102.00
102.00
101.00
100.00
100.00
99.00
99.00
99.00
99.00
98.00
98.00
97.00
97.00
97.00
95.00
94.00
94.00
93.00
92.00
92.00
91.00
89.00
88.00
88.00
88.00
88.00
87.00
86.00
86.00
85.00
84.00
83.00
81.00
81.00
81.00
80.00
78.00
76.00
76.00
74.00
73.00
