//Number of items      
200
//Bin Capacity         
1000.00
//Known Best Solution  
29
//Weight of Item		  
210.00
209.00
208.00
208.00
208.00
207.00
207.00
207.00
206.00
205.00
205.00
204.00
204.00
204.00
204.00
203.00
202.00
202.00
202.00
201.00
201.00
201.00
201.00
200.00
200.00
199.00
198.00
197.00
196.00
194.00
194.00
192.00
191.00
191.00
188.00
188.00
188.00
188.00
188.00
187.00
187.00
186.00
186.00
182.00
181.00
181.00
181.00
180.00
179.00
177.00
176.00
176.00
173.00
172.00
172.00
172.00
171.00
168.00
168.00
167.00
167.00
166.00
166.00
166.00
165.00
165.00
164.00
163.00
163.00
163.00
159.00
159.00
158.00
158.00
158.00
158.00
157.00
156.00
156.00
154.00
152.00
152.00
151.00
150.00
150.00
149.00
149.00
149.00
148.00
147.00
147.00
147.00
146.00
146.00
145.00
142.00
142.00
141.00
140.00
140.00
140.00
140.00
139.00
139.00
138.00
138.00
137.00
136.00
135.00
135.00
134.00
134.00
133.00
133.00
132.00
131.00
131.00
129.00
127.00
127.00
127.00
127.00
126.00
123.00
122.00
119.00
119.00
119.00
119.00
119.00
119.00
118.00
118.00
117.00
116.00
115.00
115.00
115.00
115.00
115.00
114.00
114.00
114.00
113.00
112.00
111.00
111.00
110.00
110.00
109.00
106.00
106.00
105.00
105.00
105.00
103.00
103.00
103.00
101.00
101.00
101.00
100.00
95.00
94.00
94.00
92.00
91.00
90.00
90.00
89.00
89.00
89.00
89.00
88.00
87.00
87.00
86.00
85.00
85.00
85.00
85.00
84.00
83.00
83.00
82.00
82.00
80.00
79.00
79.00
77.00
76.00
75.00
75.00
75.00
74.00
74.00
74.00
74.00
74.00
72.00
