//Number of items      
200
//Bin Capacity         
1000.00
//Known Best Solution  
28
//Weight of Item		  
210.00
210.00
210.00
210.00
208.00
208.00
207.00
207.00
206.00
205.00
205.00
205.00
203.00
202.00
202.00
201.00
200.00
200.00
200.00
200.00
199.00
199.00
199.00
199.00
198.00
198.00
198.00
197.00
197.00
197.00
195.00
193.00
193.00
192.00
192.00
191.00
190.00
188.00
187.00
185.00
184.00
183.00
182.00
179.00
179.00
178.00
177.00
176.00
176.00
174.00
173.00
173.00
173.00
173.00
173.00
172.00
172.00
171.00
169.00
169.00
169.00
169.00
168.00
168.00
167.00
166.00
166.00
165.00
164.00
164.00
164.00
163.00
163.00
162.00
162.00
162.00
162.00
162.00
161.00
160.00
158.00
158.00
157.00
157.00
156.00
155.00
153.00
151.00
150.00
150.00
147.00
147.00
145.00
144.00
141.00
140.00
138.00
137.00
137.00
136.00
135.00
135.00
134.00
128.00
127.00
126.00
125.00
125.00
125.00
125.00
124.00
124.00
122.00
122.00
122.00
121.00
119.00
118.00
118.00
118.00
117.00
117.00
116.00
116.00
116.00
115.00
115.00
114.00
113.00
111.00
110.00
110.00
110.00
110.00
109.00
109.00
109.00
109.00
109.00
108.00
108.00
108.00
108.00
107.00
107.00
106.00
106.00
105.00
105.00
104.00
103.00
101.00
101.00
101.00
99.00
98.00
97.00
96.00
95.00
95.00
94.00
94.00
94.00
94.00
94.00
94.00
93.00
93.00
92.00
92.00
91.00
91.00
91.00
87.00
86.00
86.00
85.00
83.00
83.00
83.00
82.00
82.00
81.00
80.00
80.00
79.00
79.00
79.00
79.00
77.00
77.00
77.00
76.00
76.00
76.00
75.00
74.00
73.00
73.00
72.00
