//Number of items      
200
//Bin Capacity         
1000.00
//Known Best Solution  
23
//Weight of Item		  
209.00
208.00
208.00
207.00
207.00
206.00
206.00
205.00
204.00
203.00
202.00
201.00
200.00
200.00
200.00
199.00
197.00
197.00
197.00
196.00
195.00
195.00
193.00
192.00
190.00
190.00
188.00
188.00
186.00
186.00
186.00
185.00
184.00
184.00
184.00
184.00
183.00
181.00
177.00
177.00
173.00
172.00
172.00
170.00
169.00
167.00
166.00
164.00
163.00
159.00
156.00
156.00
156.00
155.00
154.00
154.00
153.00
153.00
152.00
152.00
152.00
152.00
151.00
146.00
145.00
145.00
145.00
143.00
143.00
142.00
141.00
138.00
138.00
138.00
137.00
137.00
136.00
135.00
134.00
133.00
132.00
132.00
131.00
130.00
130.00
129.00
127.00
127.00
126.00
126.00
124.00
124.00
124.00
122.00
120.00
120.00
119.00
117.00
116.00
110.00
108.00
107.00
106.00
103.00
102.00
98.00
97.00
97.00
95.00
94.00
93.00
93.00
93.00
92.00
92.00
89.00
88.00
88.00
85.00
85.00
85.00
84.00
80.00
79.00
78.00
77.00
76.00
76.00
75.00
74.00
74.00
74.00
74.00
73.00
72.00
71.00
71.00
69.00
68.00
67.00
66.00
65.00
65.00
65.00
65.00
65.00
64.00
63.00
63.00
60.00
59.00
55.00
53.00
52.00
52.00
52.00
51.00
49.00
47.00
47.00
47.00
46.00
45.00
44.00
44.00
44.00
43.00
42.00
42.00
40.00
40.00
40.00
38.00
37.00
36.00
35.00
35.00
35.00
34.00
33.00
31.00
28.00
27.00
27.00
26.00
24.00
24.00
24.00
24.00
21.00
19.00
18.00
17.00
16.00
15.00
14.00
13.00
13.00
13.00
13.00
