//Number of items      
200
//Bin Capacity         
1000.00
//Known Best Solution  
23
//Weight of Item		  
206.00
206.00
206.00
206.00
203.00
200.00
200.00
198.00
197.00
196.00
196.00
196.00
194.00
193.00
193.00
192.00
192.00
192.00
192.00
192.00
191.00
191.00
191.00
190.00
189.00
188.00
188.00
187.00
187.00
186.00
184.00
180.00
180.00
177.00
177.00
176.00
175.00
175.00
172.00
172.00
171.00
171.00
170.00
170.00
169.00
168.00
168.00
164.00
162.00
160.00
159.00
159.00
158.00
156.00
154.00
153.00
152.00
149.00
149.00
149.00
148.00
145.00
145.00
145.00
144.00
144.00
141.00
141.00
140.00
140.00
138.00
138.00
137.00
137.00
136.00
135.00
135.00
135.00
134.00
133.00
131.00
131.00
130.00
129.00
129.00
129.00
128.00
128.00
127.00
124.00
124.00
124.00
122.00
121.00
120.00
119.00
115.00
115.00
114.00
113.00
113.00
113.00
113.00
111.00
111.00
111.00
108.00
107.00
107.00
106.00
104.00
104.00
104.00
103.00
103.00
103.00
102.00
101.00
101.00
100.00
95.00
93.00
92.00
92.00
91.00
91.00
89.00
89.00
88.00
88.00
87.00
84.00
84.00
84.00
79.00
78.00
78.00
77.00
74.00
72.00
71.00
70.00
69.00
69.00
67.00
66.00
66.00
64.00
63.00
63.00
62.00
62.00
59.00
57.00
55.00
54.00
54.00
54.00
54.00
52.00
52.00
51.00
50.00
49.00
49.00
49.00
47.00
45.00
45.00
45.00
43.00
43.00
42.00
41.00
40.00
38.00
38.00
38.00
38.00
37.00
37.00
33.00
31.00
31.00
31.00
29.00
26.00
26.00
25.00
25.00
23.00
22.00
22.00
21.00
21.00
18.00
18.00
17.00
17.00
13.00
