//Number of items      
200
//Bin Capacity         
1000.00
//Known Best Solution  
23
//Weight of Item		  
209.00
208.00
207.00
206.00
205.00
204.00
204.00
204.00
204.00
202.00
201.00
198.00
198.00
198.00
197.00
197.00
196.00
195.00
189.00
189.00
189.00
189.00
187.00
187.00
186.00
186.00
186.00
186.00
185.00
183.00
182.00
181.00
181.00
177.00
176.00
176.00
176.00
175.00
173.00
172.00
171.00
168.00
167.00
166.00
164.00
164.00
163.00
162.00
161.00
159.00
159.00
159.00
159.00
157.00
157.00
156.00
155.00
155.00
153.00
153.00
152.00
152.00
152.00
150.00
149.00
148.00
147.00
147.00
146.00
142.00
141.00
140.00
137.00
134.00
132.00
131.00
131.00
129.00
128.00
128.00
127.00
125.00
125.00
124.00
124.00
122.00
119.00
119.00
118.00
118.00
117.00
113.00
111.00
111.00
111.00
111.00
111.00
109.00
109.00
109.00
108.00
108.00
107.00
106.00
106.00
105.00
105.00
105.00
104.00
103.00
102.00
102.00
100.00
99.00
99.00
98.00
96.00
96.00
94.00
91.00
90.00
90.00
89.00
87.00
87.00
86.00
83.00
81.00
80.00
79.00
79.00
78.00
78.00
74.00
72.00
72.00
72.00
71.00
71.00
70.00
70.00
70.00
69.00
67.00
63.00
62.00
60.00
58.00
57.00
57.00
57.00
55.00
55.00
54.00
53.00
53.00
53.00
51.00
51.00
51.00
49.00
48.00
45.00
45.00
45.00
45.00
44.00
43.00
43.00
40.00
37.00
37.00
36.00
36.00
36.00
35.00
34.00
34.00
33.00
30.00
30.00
30.00
29.00
29.00
27.00
26.00
26.00
24.00
24.00
23.00
22.00
22.00
22.00
22.00
21.00
20.00
18.00
18.00
16.00
14.00
