//Number of items      
200
//Bin Capacity         
1000.00
//Known Best Solution  
23
//Weight of Item		  
209.00
208.00
207.00
205.00
205.00
205.00
203.00
199.00
198.00
198.00
197.00
197.00
194.00
192.00
191.00
189.00
189.00
187.00
186.00
184.00
183.00
183.00
183.00
181.00
180.00
179.00
179.00
177.00
176.00
174.00
174.00
174.00
173.00
173.00
172.00
168.00
168.00
168.00
166.00
166.00
165.00
165.00
165.00
165.00
164.00
161.00
160.00
160.00
159.00
159.00
158.00
158.00
157.00
157.00
154.00
153.00
153.00
152.00
151.00
150.00
150.00
148.00
146.00
146.00
145.00
145.00
144.00
143.00
143.00
141.00
139.00
138.00
138.00
138.00
138.00
137.00
136.00
136.00
135.00
133.00
133.00
131.00
130.00
129.00
127.00
124.00
124.00
123.00
121.00
119.00
118.00
117.00
116.00
115.00
115.00
115.00
115.00
114.00
113.00
112.00
111.00
111.00
111.00
110.00
110.00
107.00
106.00
105.00
105.00
105.00
104.00
103.00
102.00
102.00
102.00
101.00
100.00
100.00
99.00
99.00
99.00
98.00
97.00
96.00
96.00
95.00
92.00
91.00
87.00
86.00
86.00
85.00
85.00
84.00
84.00
84.00
82.00
81.00
80.00
78.00
78.00
76.00
74.00
74.00
72.00
71.00
71.00
70.00
70.00
67.00
67.00
64.00
64.00
63.00
62.00
60.00
59.00
58.00
58.00
56.00
55.00
55.00
54.00
53.00
53.00
52.00
52.00
51.00
50.00
49.00
49.00
46.00
46.00
44.00
44.00
44.00
43.00
43.00
41.00
36.00
35.00
34.00
34.00
34.00
32.00
32.00
29.00
29.00
28.00
28.00
27.00
27.00
21.00
19.00
17.00
14.00
13.00
13.00
13.00
13.00
