//Number of items      
200
//Bin Capacity         
1000.00
//Known Best Solution  
21
//Weight of Item		  
207.00
203.00
202.00
199.00
197.00
196.00
196.00
195.00
195.00
194.00
193.00
192.00
190.00
189.00
189.00
189.00
188.00
186.00
185.00
184.00
182.00
181.00
179.00
179.00
178.00
178.00
177.00
176.00
176.00
174.00
173.00
172.00
171.00
171.00
170.00
169.00
168.00
167.00
166.00
164.00
163.00
161.00
161.00
161.00
161.00
154.00
154.00
154.00
154.00
152.00
150.00
150.00
149.00
149.00
149.00
144.00
143.00
142.00
141.00
141.00
139.00
139.00
139.00
138.00
137.00
137.00
137.00
136.00
136.00
135.00
135.00
134.00
134.00
133.00
133.00
132.00
130.00
128.00
128.00
127.00
126.00
125.00
124.00
122.00
121.00
120.00
119.00
117.00
116.00
115.00
115.00
114.00
113.00
112.00
112.00
112.00
109.00
109.00
109.00
109.00
107.00
106.00
105.00
104.00
102.00
102.00
102.00
101.00
98.00
98.00
98.00
96.00
95.00
95.00
94.00
94.00
91.00
86.00
86.00
85.00
83.00
82.00
82.00
80.00
75.00
73.00
71.00
70.00
70.00
69.00
69.00
68.00
67.00
67.00
66.00
65.00
65.00
63.00
62.00
59.00
59.00
58.00
57.00
57.00
54.00
53.00
52.00
51.00
51.00
50.00
50.00
50.00
48.00
46.00
45.00
44.00
43.00
43.00
43.00
42.00
42.00
41.00
41.00
40.00
39.00
38.00
35.00
35.00
35.00
34.00
33.00
33.00
32.00
32.00
31.00
28.00
27.00
26.00
24.00
24.00
24.00
24.00
22.00
22.00
20.00
19.00
19.00
18.00
17.00
17.00
17.00
17.00
17.00
16.00
16.00
15.00
15.00
13.00
13.00
13.00
