//Number of items      
200
//Bin Capacity         
1000.00
//Known Best Solution  
23
//Weight of Item		  
209.00
208.00
208.00
207.00
205.00
205.00
205.00
204.00
204.00
202.00
202.00
201.00
201.00
195.00
194.00
194.00
193.00
193.00
193.00
192.00
192.00
191.00
190.00
190.00
190.00
189.00
187.00
185.00
184.00
183.00
182.00
181.00
179.00
178.00
176.00
175.00
174.00
174.00
174.00
173.00
172.00
170.00
170.00
167.00
167.00
166.00
166.00
164.00
161.00
159.00
159.00
158.00
158.00
157.00
155.00
153.00
153.00
152.00
152.00
151.00
151.00
148.00
148.00
147.00
147.00
143.00
142.00
142.00
141.00
140.00
140.00
139.00
139.00
138.00
137.00
136.00
136.00
134.00
133.00
133.00
132.00
132.00
131.00
131.00
130.00
129.00
129.00
127.00
125.00
125.00
124.00
123.00
122.00
122.00
122.00
120.00
119.00
118.00
117.00
115.00
114.00
114.00
111.00
109.00
109.00
108.00
108.00
107.00
107.00
106.00
105.00
105.00
104.00
102.00
101.00
98.00
96.00
92.00
92.00
91.00
91.00
91.00
88.00
87.00
87.00
87.00
86.00
82.00
81.00
81.00
80.00
80.00
75.00
75.00
75.00
75.00
73.00
72.00
72.00
70.00
70.00
69.00
69.00
69.00
68.00
66.00
66.00
66.00
65.00
64.00
62.00
61.00
61.00
61.00
59.00
58.00
56.00
55.00
54.00
52.00
51.00
50.00
49.00
49.00
49.00
47.00
47.00
46.00
44.00
44.00
43.00
42.00
42.00
42.00
40.00
40.00
40.00
36.00
36.00
34.00
33.00
32.00
32.00
31.00
31.00
28.00
28.00
27.00
26.00
21.00
21.00
20.00
19.00
19.00
17.00
17.00
16.00
15.00
15.00
14.00
