//Number of items      
200
//Bin Capacity         
1000.00
//Known Best Solution  
24
//Weight of Item		  
208.00
206.00
205.00
205.00
204.00
203.00
203.00
202.00
201.00
201.00
201.00
200.00
200.00
199.00
199.00
198.00
198.00
197.00
196.00
196.00
196.00
195.00
195.00
194.00
193.00
191.00
191.00
189.00
189.00
189.00
188.00
187.00
187.00
186.00
185.00
183.00
183.00
183.00
183.00
182.00
182.00
181.00
179.00
179.00
179.00
179.00
179.00
177.00
177.00
176.00
176.00
174.00
173.00
172.00
171.00
170.00
170.00
167.00
166.00
164.00
163.00
163.00
162.00
162.00
161.00
158.00
155.00
155.00
153.00
151.00
149.00
149.00
148.00
146.00
146.00
144.00
142.00
142.00
142.00
141.00
141.00
141.00
137.00
136.00
136.00
134.00
134.00
134.00
134.00
134.00
131.00
129.00
129.00
128.00
127.00
125.00
125.00
124.00
123.00
123.00
123.00
123.00
122.00
120.00
119.00
119.00
118.00
118.00
115.00
115.00
114.00
113.00
113.00
111.00
106.00
106.00
105.00
104.00
103.00
102.00
101.00
101.00
101.00
100.00
97.00
96.00
96.00
96.00
95.00
94.00
92.00
92.00
91.00
91.00
91.00
89.00
89.00
89.00
88.00
86.00
86.00
85.00
81.00
79.00
79.00
73.00
72.00
71.00
70.00
70.00
69.00
68.00
67.00
66.00
65.00
63.00
62.00
60.00
60.00
60.00
59.00
58.00
58.00
58.00
56.00
55.00
53.00
53.00
53.00
49.00
46.00
43.00
43.00
41.00
40.00
40.00
39.00
39.00
39.00
35.00
34.00
30.00
30.00
30.00
30.00
29.00
28.00
28.00
25.00
24.00
24.00
21.00
20.00
19.00
18.00
18.00
16.00
15.00
14.00
13.00
