//Number of items      
200
//Bin Capacity         
1000.00
//Known Best Solution  
23
//Weight of Item		  
208.00
206.00
205.00
205.00
205.00
204.00
202.00
201.00
201.00
199.00
199.00
198.00
198.00
195.00
194.00
194.00
193.00
192.00
192.00
191.00
191.00
191.00
187.00
187.00
186.00
186.00
184.00
183.00
182.00
182.00
182.00
182.00
180.00
180.00
180.00
177.00
175.00
173.00
173.00
172.00
172.00
171.00
171.00
170.00
170.00
169.00
169.00
165.00
164.00
164.00
163.00
163.00
161.00
157.00
156.00
156.00
155.00
155.00
153.00
152.00
151.00
151.00
151.00
150.00
148.00
145.00
145.00
145.00
144.00
144.00
144.00
144.00
143.00
142.00
142.00
138.00
136.00
136.00
136.00
134.00
133.00
132.00
130.00
130.00
129.00
129.00
129.00
127.00
127.00
126.00
123.00
122.00
120.00
119.00
118.00
117.00
116.00
115.00
112.00
112.00
111.00
111.00
108.00
108.00
108.00
107.00
107.00
107.00
107.00
106.00
106.00
103.00
102.00
101.00
101.00
101.00
99.00
97.00
94.00
93.00
92.00
92.00
91.00
89.00
87.00
85.00
84.00
83.00
82.00
82.00
82.00
81.00
81.00
81.00
78.00
78.00
78.00
78.00
76.00
76.00
74.00
71.00
69.00
68.00
68.00
66.00
66.00
63.00
62.00
61.00
59.00
59.00
58.00
58.00
55.00
55.00
54.00
54.00
53.00
52.00
50.00
48.00
48.00
48.00
47.00
46.00
44.00
44.00
44.00
43.00
43.00
41.00
40.00
38.00
35.00
35.00
35.00
33.00
32.00
31.00
30.00
29.00
29.00
28.00
27.00
26.00
24.00
24.00
23.00
23.00
22.00
22.00
18.00
18.00
18.00
17.00
17.00
15.00
14.00
14.00
