//Number of items      
200
//Bin Capacity         
1000.00
//Known Best Solution  
22
//Weight of Item		  
163.00
162.00
161.00
161.00
159.00
157.00
157.00
154.00
154.00
153.00
153.00
152.00
152.00
151.00
149.00
149.00
149.00
149.00
148.00
148.00
147.00
146.00
145.00
144.00
144.00
144.00
143.00
143.00
142.00
142.00
141.00
141.00
141.00
140.00
139.00
139.00
139.00
138.00
137.00
137.00
137.00
136.00
136.00
136.00
135.00
133.00
132.00
132.00
131.00
131.00
131.00
130.00
130.00
130.00
129.00
129.00
128.00
128.00
128.00
128.00
128.00
125.00
125.00
124.00
124.00
124.00
123.00
122.00
122.00
121.00
121.00
121.00
120.00
120.00
120.00
120.00
118.00
118.00
118.00
117.00
117.00
116.00
116.00
115.00
115.00
113.00
113.00
112.00
111.00
111.00
110.00
110.00
109.00
108.00
107.00
106.00
106.00
106.00
104.00
104.00
104.00
103.00
103.00
103.00
103.00
103.00
103.00
102.00
102.00
99.00
98.00
97.00
97.00
97.00
96.00
96.00
95.00
94.00
94.00
93.00
92.00
92.00
91.00
91.00
91.00
91.00
90.00
90.00
90.00
88.00
87.00
87.00
87.00
86.00
86.00
86.00
86.00
86.00
85.00
85.00
84.00
84.00
84.00
84.00
83.00
83.00
82.00
81.00
81.00
81.00
80.00
80.00
79.00
79.00
79.00
78.00
78.00
78.00
77.00
76.00
76.00
76.00
75.00
75.00
74.00
74.00
74.00
72.00
72.00
71.00
71.00
71.00
71.00
70.00
70.00
70.00
69.00
68.00
68.00
68.00
67.00
67.00
67.00
66.00
65.00
63.00
63.00
62.00
61.00
60.00
60.00
60.00
60.00
59.00
59.00
58.00
58.00
58.00
57.00
57.00
