//Number of items      
200
//Bin Capacity         
1000.00
//Known Best Solution  
22
//Weight of Item		  
208.00
208.00
207.00
206.00
204.00
202.00
198.00
197.00
197.00
197.00
197.00
196.00
196.00
196.00
195.00
194.00
192.00
191.00
190.00
189.00
189.00
189.00
186.00
185.00
183.00
181.00
181.00
180.00
179.00
178.00
177.00
177.00
175.00
172.00
169.00
169.00
165.00
165.00
164.00
163.00
163.00
161.00
161.00
160.00
160.00
159.00
157.00
155.00
155.00
154.00
153.00
152.00
151.00
151.00
150.00
147.00
147.00
146.00
146.00
145.00
145.00
144.00
144.00
143.00
142.00
142.00
141.00
141.00
140.00
139.00
136.00
135.00
135.00
132.00
132.00
131.00
130.00
130.00
129.00
128.00
128.00
128.00
128.00
126.00
123.00
123.00
122.00
121.00
121.00
121.00
119.00
118.00
117.00
117.00
114.00
114.00
111.00
110.00
110.00
109.00
108.00
108.00
107.00
106.00
106.00
103.00
103.00
98.00
98.00
97.00
97.00
94.00
94.00
93.00
92.00
90.00
90.00
89.00
89.00
88.00
88.00
88.00
86.00
86.00
84.00
83.00
83.00
83.00
81.00
79.00
77.00
76.00
76.00
76.00
76.00
73.00
72.00
71.00
71.00
69.00
69.00
68.00
67.00
66.00
66.00
66.00
66.00
66.00
64.00
63.00
63.00
62.00
62.00
61.00
59.00
57.00
53.00
52.00
52.00
48.00
48.00
46.00
46.00
46.00
45.00
43.00
43.00
42.00
41.00
41.00
38.00
35.00
34.00
33.00
33.00
32.00
31.00
30.00
29.00
29.00
28.00
28.00
25.00
24.00
23.00
20.00
19.00
19.00
18.00
18.00
18.00
18.00
17.00
16.00
16.00
14.00
14.00
14.00
13.00
13.00
