//Number of items      
200
//Bin Capacity         
1000.00
//Known Best Solution  
24
//Weight of Item		  
209.00
208.00
207.00
205.00
205.00
204.00
203.00
201.00
200.00
200.00
199.00
199.00
198.00
198.00
198.00
196.00
196.00
196.00
196.00
195.00
194.00
193.00
192.00
192.00
192.00
189.00
188.00
187.00
186.00
185.00
185.00
183.00
182.00
182.00
181.00
181.00
181.00
180.00
179.00
178.00
178.00
177.00
175.00
174.00
174.00
173.00
171.00
170.00
170.00
170.00
169.00
168.00
166.00
165.00
165.00
164.00
163.00
163.00
162.00
161.00
161.00
161.00
161.00
157.00
156.00
156.00
154.00
154.00
154.00
151.00
150.00
149.00
148.00
147.00
146.00
146.00
146.00
145.00
144.00
143.00
141.00
141.00
138.00
138.00
137.00
136.00
136.00
135.00
132.00
130.00
130.00
129.00
128.00
128.00
128.00
127.00
126.00
126.00
126.00
126.00
122.00
121.00
118.00
118.00
116.00
116.00
114.00
112.00
112.00
111.00
111.00
111.00
110.00
110.00
110.00
109.00
108.00
108.00
107.00
106.00
105.00
104.00
102.00
101.00
101.00
99.00
94.00
94.00
94.00
93.00
92.00
92.00
90.00
90.00
90.00
90.00
89.00
88.00
87.00
87.00
86.00
84.00
84.00
82.00
82.00
82.00
81.00
80.00
79.00
77.00
74.00
74.00
72.00
71.00
70.00
69.00
69.00
68.00
68.00
67.00
66.00
61.00
60.00
57.00
57.00
56.00
56.00
56.00
55.00
49.00
48.00
48.00
47.00
47.00
46.00
44.00
44.00
39.00
38.00
38.00
38.00
35.00
34.00
33.00
31.00
31.00
30.00
29.00
28.00
26.00
24.00
24.00
21.00
20.00
20.00
17.00
16.00
16.00
15.00
13.00
