//Number of items      
500
//Bin Capacity         
1000.00
//Known Best Solution  
167
//Weight of Item		  
495.00
495.00
495.00
495.00
493.00
492.00
491.00
491.00
490.00
490.00
490.00
489.00
489.00
488.00
488.00
488.00
487.00
487.00
487.00
487.00
487.00
485.00
485.00
484.00
482.00
482.00
481.00
481.00
480.00
480.00
480.00
479.00
479.00
478.00
478.00
478.00
478.00
478.00
477.00
477.00
477.00
476.00
475.00
475.00
474.00
474.00
474.00
473.00
472.00
471.00
470.00
470.00
468.00
467.00
466.00
466.00
465.00
465.00
465.00
465.00
464.00
464.00
464.00
463.00
462.00
462.00
462.00
461.00
461.00
457.00
457.00
457.00
456.00
456.00
455.00
455.00
454.00
453.00
448.00
448.00
448.00
448.00
447.00
447.00
447.00
446.00
443.00
442.00
441.00
437.00
436.00
436.00
436.00
436.00
435.00
435.00
434.00
434.00
433.00
432.00
432.00
432.00
432.00
431.00
431.00
431.00
430.00
429.00
429.00
429.00
428.00
427.00
426.00
426.00
425.00
425.00
425.00
425.00
425.00
424.00
424.00
422.00
421.00
420.00
420.00
418.00
418.00
416.00
415.00
415.00
415.00
414.00
414.00
413.00
413.00
413.00
410.00
409.00
409.00
409.00
408.00
407.00
406.00
405.00
404.00
404.00
404.00
403.00
403.00
401.00
401.00
400.00
399.00
398.00
397.00
396.00
396.00
396.00
395.00
395.00
394.00
393.00
393.00
392.00
392.00
392.00
391.00
391.00
390.00
388.00
388.00
387.00
387.00
387.00
386.00
386.00
385.00
385.00
384.00
383.00
383.00
382.00
380.00
380.00
380.00
380.00
380.00
378.00
376.00
376.00
375.00
374.00
374.00
374.00
373.00
373.00
371.00
369.00
369.00
367.00
367.00
366.00
366.00
366.00
366.00
365.00
364.00
364.00
363.00
363.00
363.00
363.00
362.00
362.00
359.00
359.00
358.00
357.00
356.00
356.00
355.00
355.00
355.00
354.00
354.00
353.00
353.00
352.00
351.00
350.00
350.00
348.00
348.00
347.00
347.00
346.00
346.00
345.00
344.00
343.00
342.00
342.00
341.00
341.00
339.00
338.00
338.00
338.00
337.00
337.00
337.00
336.00
336.00
334.00
333.00
332.00
332.00
331.00
329.00
329.00
328.00
328.00
326.00
323.00
323.00
322.00
322.00
322.00
321.00
321.00
320.00
318.00
317.00
316.00
315.00
315.00
314.00
314.00
313.00
312.00
312.00
310.00
310.00
309.00
308.00
308.00
307.00
306.00
306.00
305.00
305.00
304.00
304.00
303.00
302.00
301.00
301.00
300.00
299.00
298.00
298.00
296.00
295.00
295.00
292.00
292.00
291.00
291.00
291.00
290.00
290.00
288.00
288.00
288.00
285.00
285.00
285.00
284.00
284.00
282.00
282.00
281.00
281.00
281.00
281.00
278.00
278.00
276.00
275.00
275.00
274.00
274.00
273.00
273.00
272.00
272.00
271.00
270.00
270.00
268.00
267.00
267.00
267.00
264.00
263.00
263.00
263.00
263.00
261.00
261.00
260.00
259.00
258.00
258.00
258.00
256.00
255.00
255.00
255.00
255.00
254.00
252.00
252.00
250.00
249.00
248.00
248.00
248.00
248.00
247.00
246.00
246.00
246.00
245.00
245.00
245.00
245.00
244.00
244.00
244.00
244.00
244.00
244.00
242.00
242.00
240.00
240.00
240.00
239.00
239.00
238.00
237.00
237.00
236.00
236.00
234.00
234.00
232.00
232.00
232.00
231.00
230.00
229.00
228.00
228.00
227.00
227.00
226.00
225.00
225.00
225.00
223.00
223.00
222.00
222.00
222.00
220.00
220.00
220.00
218.00
218.00
215.00
215.00
214.00
214.00
213.00
213.00
213.00
212.00
211.00
211.00
210.00
209.00
208.00
208.00
207.00
207.00
207.00
206.00
204.00
204.00
204.00
204.00
202.00
202.00
200.00
200.00
199.00
197.00
197.00
196.00
196.00
196.00
195.00
194.00
194.00
193.00
193.00
191.00
189.00
188.00
187.00
185.00
185.00
185.00
184.00
183.00
183.00
183.00
183.00
183.00
182.00
182.00
182.00
179.00
179.00
179.00
179.00
178.00
178.00
178.00
178.00
177.00
177.00
176.00
176.00
176.00
176.00
175.00
175.00
174.00
174.00
172.00
171.00
170.00
169.00
169.00
167.00
167.00
167.00
