//Number of items      
500
//Bin Capacity         
1000.00
//Known Best Solution  
163
//Weight of Item		  
626.00
625.00
624.00
621.00
621.00
620.00
618.00
618.00
617.00
616.00
615.00
615.00
615.00
614.00
614.00
609.00
605.00
603.00
602.00
602.00
601.00
600.00
599.00
597.00
597.00
597.00
592.00
592.00
589.00
588.00
587.00
583.00
583.00
582.00
582.00
579.00
579.00
578.00
578.00
572.00
571.00
568.00
567.00
567.00
566.00
564.00
564.00
564.00
563.00
563.00
563.00
562.00
562.00
562.00
560.00
560.00
560.00
559.00
555.00
555.00
555.00
554.00
554.00
554.00
551.00
550.00
549.00
548.00
547.00
546.00
545.00
545.00
542.00
542.00
541.00
538.00
537.00
536.00
535.00
535.00
535.00
534.00
532.00
532.00
531.00
531.00
530.00
528.00
527.00
522.00
515.00
514.00
514.00
510.00
510.00
509.00
509.00
508.00
507.00
507.00
507.00
505.00
504.00
504.00
502.00
501.00
501.00
499.00
496.00
494.00
491.00
491.00
490.00
490.00
486.00
485.00
485.00
485.00
485.00
482.00
482.00
480.00
480.00
477.00
477.00
475.00
473.00
472.00
472.00
472.00
470.00
470.00
466.00
465.00
463.00
462.00
461.00
460.00
456.00
456.00
454.00
453.00
451.00
451.00
449.00
447.00
445.00
444.00
444.00
440.00
440.00
437.00
436.00
435.00
435.00
435.00
435.00
433.00
433.00
428.00
428.00
426.00
426.00
425.00
424.00
423.00
417.00
415.00
415.00
414.00
411.00
411.00
411.00
409.00
408.00
403.00
403.00
401.00
399.00
399.00
398.00
397.00
396.00
396.00
395.00
393.00
390.00
390.00
389.00
385.00
385.00
384.00
383.00
383.00
382.00
382.00
379.00
379.00
378.00
376.00
374.00
374.00
373.00
373.00
368.00
366.00
365.00
363.00
362.00
362.00
362.00
360.00
359.00
357.00
357.00
356.00
355.00
353.00
352.00
352.00
351.00
351.00
350.00
349.00
348.00
347.00
346.00
346.00
345.00
344.00
343.00
342.00
342.00
341.00
341.00
340.00
340.00
340.00
340.00
340.00
340.00
339.00
338.00
337.00
337.00
336.00
335.00
332.00
331.00
328.00
325.00
324.00
324.00
323.00
321.00
321.00
319.00
318.00
318.00
314.00
313.00
312.00
310.00
310.00
310.00
309.00
309.00
308.00
306.00
306.00
306.00
305.00
301.00
296.00
295.00
295.00
293.00
293.00
292.00
292.00
292.00
290.00
290.00
290.00
289.00
287.00
286.00
283.00
282.00
281.00
281.00
278.00
277.00
275.00
273.00
272.00
270.00
269.00
268.00
268.00
263.00
262.00
260.00
260.00
257.00
256.00
256.00
256.00
255.00
255.00
248.00
247.00
246.00
244.00
243.00
242.00
239.00
238.00
235.00
235.00
233.00
231.00
229.00
229.00
228.00
227.00
227.00
227.00
226.00
226.00
225.00
224.00
220.00
213.00
212.00
212.00
210.00
209.00
208.00
208.00
206.00
205.00
204.00
204.00
202.00
201.00
199.00
198.00
197.00
196.00
195.00
194.00
194.00
194.00
191.00
191.00
188.00
188.00
183.00
182.00
181.00
181.00
181.00
181.00
181.00
177.00
176.00
175.00
175.00
173.00
173.00
172.00
171.00
171.00
170.00
170.00
170.00
169.00
167.00
166.00
166.00
165.00
164.00
163.00
163.00
161.00
161.00
161.00
161.00
159.00
157.00
157.00
155.00
155.00
154.00
152.00
152.00
152.00
152.00
150.00
150.00
149.00
148.00
147.00
146.00
145.00
144.00
141.00
140.00
140.00
139.00
137.00
137.00
136.00
136.00
136.00
134.00
131.00
130.00
130.00
130.00
126.00
125.00
124.00
123.00
119.00
119.00
118.00
117.00
117.00
115.00
113.00
113.00
112.00
112.00
112.00
112.00
111.00
111.00
109.00
108.00
104.00
99.00
96.00
96.00
94.00
93.00
91.00
91.00
91.00
91.00
90.00
90.00
89.00
88.00
88.00
81.00
77.00
74.00
74.00
72.00
70.00
69.00
67.00
67.00
66.00
65.00
65.00
64.00
63.00
59.00
58.00
57.00
56.00
56.00
56.00
55.00
53.00
53.00
51.00
50.00
48.00
47.00
47.00
46.00
46.00
44.00
44.00
43.00
43.00
40.00
40.00
39.00
38.00
38.00
37.00
37.00
36.00
36.00
35.00
