//Number of items      
500
//Bin Capacity         
1000.00
//Known Best Solution  
171
//Weight of Item		  
627.00
626.00
625.00
625.00
624.00
623.00
619.00
619.00
618.00
617.00
616.00
616.00
614.00
614.00
613.00
612.00
611.00
608.00
608.00
607.00
607.00
607.00
603.00
602.00
602.00
602.00
602.00
599.00
599.00
599.00
596.00
593.00
593.00
593.00
592.00
591.00
591.00
590.00
589.00
589.00
588.00
586.00
586.00
585.00
584.00
584.00
583.00
582.00
581.00
581.00
580.00
577.00
575.00
572.00
571.00
569.00
567.00
566.00
565.00
564.00
563.00
562.00
562.00
562.00
561.00
561.00
561.00
561.00
559.00
558.00
557.00
557.00
556.00
553.00
550.00
550.00
549.00
549.00
547.00
546.00
545.00
544.00
542.00
540.00
539.00
539.00
538.00
536.00
535.00
535.00
535.00
531.00
531.00
529.00
529.00
527.00
526.00
526.00
523.00
520.00
520.00
519.00
517.00
516.00
513.00
512.00
512.00
512.00
512.00
511.00
511.00
510.00
508.00
507.00
506.00
506.00
505.00
505.00
504.00
503.00
503.00
499.00
499.00
499.00
497.00
496.00
494.00
493.00
490.00
489.00
489.00
487.00
487.00
487.00
482.00
480.00
480.00
480.00
478.00
476.00
475.00
472.00
469.00
468.00
467.00
466.00
466.00
466.00
464.00
464.00
462.00
460.00
460.00
459.00
458.00
457.00
457.00
454.00
453.00
453.00
452.00
451.00
451.00
449.00
448.00
446.00
445.00
443.00
443.00
442.00
442.00
440.00
440.00
439.00
439.00
438.00
437.00
436.00
434.00
432.00
431.00
431.00
429.00
428.00
425.00
425.00
423.00
423.00
423.00
422.00
422.00
420.00
419.00
419.00
418.00
417.00
416.00
415.00
415.00
413.00
413.00
411.00
410.00
408.00
408.00
406.00
397.00
397.00
393.00
392.00
388.00
385.00
384.00
381.00
381.00
380.00
380.00
379.00
379.00
377.00
377.00
376.00
375.00
375.00
374.00
373.00
373.00
373.00
370.00
369.00
368.00
367.00
366.00
365.00
364.00
363.00
363.00
363.00
362.00
360.00
359.00
355.00
353.00
351.00
348.00
347.00
346.00
346.00
344.00
342.00
341.00
340.00
340.00
338.00
337.00
336.00
336.00
335.00
334.00
333.00
332.00
331.00
330.00
330.00
329.00
329.00
328.00
328.00
328.00
326.00
325.00
324.00
322.00
322.00
321.00
319.00
319.00
318.00
318.00
318.00
316.00
314.00
313.00
312.00
311.00
308.00
307.00
304.00
303.00
301.00
300.00
298.00
294.00
292.00
292.00
292.00
291.00
289.00
286.00
285.00
285.00
283.00
279.00
278.00
275.00
270.00
270.00
270.00
269.00
269.00
268.00
267.00
265.00
264.00
263.00
262.00
259.00
255.00
254.00
252.00
251.00
247.00
245.00
243.00
243.00
241.00
241.00
239.00
239.00
235.00
232.00
232.00
231.00
229.00
229.00
228.00
228.00
225.00
224.00
218.00
217.00
217.00
215.00
213.00
212.00
211.00
211.00
210.00
210.00
208.00
207.00
203.00
202.00
201.00
201.00
201.00
200.00
200.00
198.00
198.00
198.00
196.00
195.00
194.00
194.00
193.00
192.00
191.00
191.00
191.00
191.00
191.00
191.00
189.00
189.00
188.00
187.00
185.00
185.00
182.00
181.00
180.00
180.00
179.00
178.00
176.00
176.00
175.00
175.00
174.00
170.00
169.00
167.00
167.00
166.00
164.00
164.00
164.00
163.00
163.00
161.00
159.00
159.00
157.00
157.00
156.00
156.00
156.00
148.00
148.00
148.00
146.00
145.00
145.00
144.00
143.00
142.00
139.00
137.00
136.00
133.00
131.00
130.00
129.00
128.00
127.00
126.00
124.00
124.00
122.00
121.00
120.00
117.00
116.00
116.00
115.00
115.00
113.00
112.00
110.00
109.00
107.00
104.00
103.00
101.00
101.00
100.00
99.00
99.00
98.00
98.00
97.00
97.00
97.00
97.00
96.00
94.00
94.00
94.00
92.00
91.00
91.00
91.00
91.00
90.00
88.00
87.00
85.00
85.00
84.00
83.00
82.00
82.00
81.00
80.00
79.00
77.00
76.00
74.00
73.00
71.00
67.00
67.00
63.00
61.00
60.00
60.00
56.00
54.00
51.00
50.00
48.00
46.00
45.00
43.00
42.00
40.00
40.00
39.00
36.00
