//Number of items      
500
//Bin Capacity         
1000.00
//Known Best Solution  
166
//Weight of Item		  
626.00
622.00
621.00
619.00
619.00
619.00
617.00
617.00
617.00
615.00
613.00
611.00
610.00
610.00
608.00
607.00
607.00
607.00
607.00
606.00
605.00
602.00
602.00
600.00
599.00
599.00
599.00
597.00
595.00
593.00
590.00
590.00
589.00
589.00
589.00
588.00
588.00
586.00
585.00
584.00
583.00
583.00
583.00
582.00
581.00
581.00
580.00
578.00
578.00
578.00
576.00
576.00
576.00
574.00
573.00
573.00
572.00
571.00
570.00
569.00
569.00
567.00
563.00
562.00
562.00
560.00
559.00
558.00
556.00
555.00
553.00
551.00
548.00
546.00
545.00
542.00
541.00
537.00
536.00
534.00
533.00
531.00
530.00
529.00
528.00
528.00
526.00
525.00
524.00
523.00
523.00
523.00
522.00
521.00
521.00
517.00
512.00
509.00
509.00
505.00
501.00
498.00
497.00
496.00
496.00
494.00
493.00
493.00
492.00
490.00
490.00
489.00
485.00
482.00
482.00
481.00
481.00
479.00
478.00
477.00
477.00
475.00
473.00
472.00
467.00
465.00
465.00
465.00
464.00
463.00
462.00
462.00
461.00
460.00
459.00
459.00
458.00
456.00
456.00
456.00
455.00
453.00
453.00
449.00
449.00
448.00
448.00
448.00
446.00
446.00
445.00
444.00
443.00
442.00
442.00
441.00
439.00
438.00
438.00
436.00
436.00
435.00
435.00
435.00
434.00
433.00
431.00
431.00
428.00
428.00
427.00
426.00
424.00
421.00
420.00
419.00
419.00
418.00
418.00
417.00
416.00
413.00
413.00
412.00
409.00
406.00
404.00
403.00
403.00
402.00
402.00
402.00
401.00
398.00
396.00
395.00
393.00
389.00
387.00
386.00
384.00
384.00
384.00
382.00
381.00
380.00
379.00
376.00
376.00
375.00
373.00
370.00
369.00
367.00
366.00
365.00
364.00
364.00
363.00
363.00
362.00
360.00
359.00
357.00
356.00
355.00
354.00
354.00
351.00
350.00
349.00
348.00
347.00
347.00
347.00
346.00
342.00
341.00
339.00
338.00
338.00
337.00
336.00
334.00
333.00
330.00
330.00
330.00
329.00
329.00
329.00
328.00
327.00
327.00
327.00
325.00
322.00
322.00
319.00
318.00
318.00
317.00
313.00
308.00
307.00
307.00
306.00
305.00
303.00
302.00
302.00
301.00
301.00
301.00
298.00
297.00
297.00
296.00
295.00
294.00
293.00
289.00
286.00
286.00
285.00
285.00
284.00
284.00
284.00
281.00
280.00
278.00
274.00
273.00
273.00
272.00
271.00
270.00
270.00
269.00
269.00
268.00
267.00
267.00
266.00
264.00
264.00
261.00
259.00
257.00
257.00
255.00
254.00
253.00
253.00
252.00
250.00
249.00
249.00
249.00
248.00
248.00
247.00
243.00
243.00
243.00
242.00
242.00
242.00
242.00
241.00
239.00
237.00
236.00
236.00
233.00
231.00
229.00
229.00
228.00
227.00
227.00
227.00
226.00
225.00
224.00
223.00
222.00
222.00
219.00
218.00
218.00
215.00
215.00
215.00
213.00
213.00
211.00
210.00
208.00
207.00
206.00
204.00
202.00
201.00
199.00
197.00
197.00
196.00
194.00
193.00
193.00
192.00
190.00
189.00
189.00
184.00
184.00
183.00
182.00
181.00
181.00
181.00
181.00
175.00
173.00
172.00
171.00
169.00
169.00
163.00
161.00
158.00
158.00
157.00
157.00
155.00
155.00
154.00
153.00
153.00
151.00
150.00
149.00
148.00
147.00
147.00
144.00
144.00
144.00
143.00
143.00
141.00
141.00
139.00
137.00
137.00
137.00
136.00
136.00
134.00
131.00
130.00
130.00
130.00
130.00
126.00
126.00
121.00
120.00
117.00
117.00
116.00
115.00
114.00
110.00
108.00
107.00
106.00
105.00
105.00
102.00
101.00
99.00
96.00
95.00
91.00
91.00
91.00
89.00
87.00
85.00
84.00
82.00
82.00
81.00
80.00
80.00
77.00
77.00
74.00
72.00
72.00
71.00
71.00
70.00
70.00
69.00
68.00
68.00
68.00
67.00
66.00
66.00
63.00
61.00
59.00
58.00
55.00
54.00
54.00
54.00
53.00
52.00
52.00
52.00
51.00
50.00
49.00
48.00
47.00
46.00
42.00
41.00
39.00
38.00
37.00
36.00
35.00
35.00
