//Number of items      
500
//Bin Capacity         
1000.00
//Known Best Solution  
168
//Weight of Item		  
495.00
494.00
493.00
493.00
492.00
492.00
491.00
490.00
490.00
490.00
490.00
489.00
487.00
487.00
487.00
486.00
486.00
486.00
485.00
485.00
484.00
484.00
484.00
483.00
479.00
478.00
478.00
476.00
475.00
474.00
473.00
473.00
472.00
471.00
471.00
469.00
467.00
466.00
464.00
462.00
462.00
462.00
462.00
462.00
461.00
461.00
461.00
460.00
459.00
459.00
458.00
457.00
457.00
456.00
456.00
455.00
454.00
454.00
453.00
453.00
453.00
453.00
453.00
452.00
451.00
451.00
450.00
449.00
449.00
449.00
449.00
449.00
448.00
447.00
446.00
446.00
445.00
445.00
444.00
443.00
441.00
441.00
441.00
440.00
438.00
438.00
438.00
437.00
437.00
436.00
435.00
435.00
435.00
434.00
434.00
434.00
434.00
433.00
433.00
432.00
432.00
431.00
431.00
431.00
430.00
430.00
429.00
428.00
428.00
428.00
428.00
428.00
428.00
428.00
427.00
427.00
426.00
425.00
425.00
424.00
424.00
423.00
423.00
423.00
423.00
421.00
420.00
420.00
419.00
418.00
418.00
417.00
417.00
417.00
417.00
417.00
417.00
417.00
416.00
415.00
415.00
414.00
414.00
414.00
411.00
411.00
410.00
410.00
409.00
408.00
408.00
408.00
407.00
406.00
405.00
405.00
404.00
402.00
402.00
402.00
402.00
401.00
401.00
401.00
401.00
401.00
400.00
400.00
398.00
397.00
396.00
396.00
395.00
395.00
394.00
393.00
393.00
393.00
392.00
391.00
390.00
389.00
388.00
388.00
387.00
387.00
387.00
385.00
385.00
384.00
384.00
383.00
382.00
382.00
381.00
380.00
380.00
379.00
379.00
378.00
378.00
377.00
377.00
377.00
375.00
374.00
374.00
373.00
373.00
373.00
373.00
371.00
371.00
371.00
370.00
370.00
370.00
370.00
369.00
369.00
366.00
364.00
363.00
360.00
360.00
359.00
359.00
358.00
357.00
357.00
357.00
355.00
355.00
355.00
355.00
353.00
352.00
352.00
351.00
349.00
349.00
349.00
348.00
347.00
347.00
345.00
344.00
344.00
344.00
342.00
341.00
341.00
341.00
340.00
339.00
338.00
337.00
337.00
335.00
335.00
334.00
334.00
334.00
334.00
333.00
333.00
333.00
332.00
332.00
332.00
331.00
331.00
329.00
329.00
328.00
327.00
327.00
325.00
324.00
324.00
323.00
323.00
322.00
322.00
322.00
320.00
319.00
319.00
319.00
319.00
318.00
317.00
315.00
315.00
314.00
314.00
313.00
313.00
313.00
312.00
311.00
310.00
310.00
309.00
308.00
307.00
306.00
305.00
305.00
304.00
303.00
300.00
296.00
296.00
295.00
294.00
293.00
292.00
291.00
290.00
290.00
289.00
288.00
285.00
285.00
284.00
283.00
283.00
282.00
282.00
279.00
279.00
278.00
278.00
276.00
275.00
275.00
275.00
275.00
273.00
271.00
271.00
270.00
270.00
270.00
270.00
269.00
269.00
268.00
268.00
267.00
267.00
266.00
265.00
265.00
263.00
263.00
263.00
262.00
262.00
262.00
261.00
259.00
259.00
258.00
258.00
258.00
256.00
256.00
256.00
255.00
254.00
254.00
253.00
253.00
253.00
251.00
251.00
250.00
249.00
247.00
245.00
244.00
243.00
241.00
238.00
238.00
238.00
237.00
236.00
236.00
235.00
235.00
234.00
232.00
231.00
231.00
231.00
229.00
229.00
229.00
228.00
227.00
227.00
227.00
226.00
225.00
224.00
224.00
224.00
224.00
222.00
222.00
222.00
221.00
219.00
218.00
218.00
218.00
218.00
217.00
215.00
214.00
214.00
213.00
212.00
211.00
211.00
210.00
210.00
210.00
208.00
208.00
207.00
206.00
206.00
205.00
205.00
205.00
204.00
204.00
203.00
203.00
203.00
201.00
201.00
200.00
200.00
200.00
198.00
196.00
196.00
196.00
196.00
196.00
195.00
195.00
194.00
194.00
192.00
191.00
190.00
189.00
189.00
188.00
188.00
186.00
186.00
185.00
184.00
184.00
184.00
184.00
183.00
183.00
182.00
181.00
180.00
180.00
179.00
179.00
176.00
175.00
175.00
174.00
173.00
173.00
172.00
172.00
172.00
172.00
171.00
170.00
170.00
169.00
169.00
168.00
168.00
168.00
168.00
