//Number of items      
500
//Bin Capacity         
1000.00
//Known Best Solution  
167
//Weight of Item		  
396.00
396.00
396.00
396.00
395.00
395.00
394.00
394.00
394.00
394.00
393.00
393.00
393.00
392.00
392.00
392.00
391.00
391.00
391.00
390.00
389.00
389.00
389.00
389.00
389.00
389.00
389.00
388.00
388.00
388.00
387.00
387.00
387.00
386.00
386.00
386.00
386.00
386.00
386.00
386.00
385.00
385.00
385.00
384.00
384.00
384.00
383.00
382.00
382.00
381.00
380.00
380.00
379.00
379.00
379.00
379.00
379.00
379.00
378.00
378.00
377.00
377.00
377.00
377.00
377.00
377.00
377.00
376.00
376.00
376.00
376.00
375.00
375.00
374.00
374.00
374.00
374.00
374.00
374.00
373.00
373.00
373.00
372.00
372.00
372.00
372.00
372.00
372.00
371.00
371.00
371.00
371.00
370.00
370.00
370.00
369.00
369.00
369.00
368.00
368.00
368.00
367.00
367.00
367.00
367.00
366.00
366.00
365.00
365.00
365.00
364.00
364.00
364.00
364.00
364.00
364.00
363.00
363.00
363.00
362.00
362.00
362.00
362.00
361.00
361.00
361.00
360.00
360.00
360.00
359.00
359.00
359.00
359.00
359.00
359.00
358.00
357.00
357.00
357.00
357.00
357.00
355.00
354.00
354.00
354.00
353.00
353.00
353.00
353.00
353.00
353.00
353.00
352.00
351.00
351.00
351.00
351.00
351.00
350.00
350.00
350.00
350.00
350.00
349.00
349.00
349.00
348.00
348.00
348.00
348.00
348.00
348.00
348.00
347.00
347.00
347.00
347.00
346.00
346.00
346.00
345.00
345.00
344.00
344.00
344.00
344.00
344.00
344.00
343.00
343.00
343.00
343.00
343.00
342.00
342.00
342.00
341.00
341.00
341.00
341.00
341.00
340.00
339.00
339.00
339.00
339.00
339.00
338.00
338.00
338.00
338.00
337.00
337.00
337.00
337.00
336.00
336.00
335.00
335.00
335.00
335.00
335.00
335.00
335.00
334.00
334.00
334.00
334.00
333.00
333.00
333.00
332.00
332.00
332.00
331.00
331.00
331.00
331.00
330.00
330.00
328.00
328.00
328.00
328.00
328.00
328.00
327.00
327.00
327.00
327.00
327.00
327.00
326.00
326.00
326.00
326.00
325.00
325.00
325.00
325.00
325.00
324.00
324.00
323.00
323.00
323.00
323.00
323.00
323.00
323.00
323.00
323.00
322.00
322.00
322.00
321.00
321.00
321.00
321.00
320.00
320.00
320.00
319.00
319.00
319.00
319.00
318.00
318.00
318.00
318.00
318.00
317.00
317.00
317.00
317.00
317.00
317.00
316.00
316.00
316.00
316.00
315.00
315.00
315.00
314.00
314.00
314.00
314.00
314.00
314.00
313.00
313.00
313.00
313.00
313.00
312.00
312.00
312.00
312.00
311.00
311.00
311.00
310.00
310.00
309.00
309.00
308.00
308.00
308.00
307.00
306.00
306.00
306.00
306.00
306.00
306.00
305.00
305.00
305.00
305.00
304.00
304.00
304.00
303.00
303.00
303.00
302.00
302.00
302.00
301.00
301.00
300.00
300.00
300.00
300.00
300.00
300.00
299.00
299.00
299.00
298.00
297.00
297.00
297.00
297.00
297.00
296.00
296.00
296.00
296.00
296.00
296.00
295.00
295.00
294.00
294.00
294.00
293.00
293.00
292.00
292.00
291.00
291.00
291.00
291.00
291.00
291.00
290.00
290.00
290.00
290.00
289.00
289.00
288.00
288.00
288.00
288.00
288.00
288.00
288.00
287.00
287.00
287.00
287.00
287.00
287.00
287.00
286.00
286.00
286.00
286.00
286.00
285.00
285.00
285.00
284.00
284.00
284.00
284.00
284.00
283.00
283.00
283.00
283.00
282.00
282.00
281.00
281.00
281.00
281.00
280.00
280.00
280.00
280.00
280.00
279.00
279.00
279.00
279.00
278.00
278.00
278.00
278.00
278.00
278.00
278.00
278.00
277.00
277.00
277.00
276.00
276.00
276.00
276.00
276.00
275.00
275.00
275.00
275.00
274.00
274.00
274.00
274.00
274.00
274.00
273.00
273.00
273.00
273.00
273.00
273.00
273.00
272.00
272.00
272.00
271.00
271.00
271.00
270.00
270.00
270.00
270.00
269.00
269.00
269.00
269.00
269.00
269.00
269.00
268.00
268.00
268.00
268.00
268.00
267.00
267.00
267.00
266.00
266.00
266.00
