//Number of items      
500
//Bin Capacity         
1000.00
//Known Best Solution  
172
//Weight of Item		  
627.00
621.00
618.00
617.00
616.00
615.00
615.00
614.00
611.00
611.00
610.00
609.00
609.00
609.00
609.00
608.00
608.00
608.00
605.00
605.00
604.00
603.00
602.00
601.00
598.00
598.00
598.00
597.00
596.00
596.00
596.00
596.00
596.00
595.00
594.00
593.00
592.00
591.00
588.00
587.00
586.00
585.00
584.00
584.00
583.00
582.00
580.00
579.00
579.00
578.00
578.00
576.00
574.00
574.00
573.00
571.00
571.00
570.00
570.00
570.00
570.00
569.00
567.00
566.00
565.00
565.00
564.00
564.00
563.00
561.00
561.00
561.00
559.00
559.00
559.00
556.00
556.00
555.00
551.00
550.00
548.00
547.00
546.00
546.00
543.00
543.00
540.00
538.00
538.00
536.00
532.00
532.00
531.00
531.00
529.00
529.00
528.00
528.00
527.00
525.00
524.00
523.00
523.00
522.00
521.00
520.00
519.00
517.00
516.00
512.00
512.00
510.00
510.00
510.00
509.00
509.00
506.00
506.00
505.00
503.00
503.00
502.00
501.00
501.00
500.00
500.00
500.00
499.00
499.00
497.00
497.00
496.00
495.00
495.00
495.00
494.00
491.00
490.00
489.00
488.00
487.00
486.00
486.00
486.00
483.00
482.00
481.00
481.00
479.00
478.00
477.00
477.00
477.00
476.00
475.00
474.00
473.00
471.00
471.00
469.00
467.00
467.00
463.00
461.00
456.00
453.00
452.00
451.00
451.00
451.00
449.00
448.00
447.00
447.00
444.00
443.00
441.00
440.00
440.00
438.00
438.00
432.00
431.00
430.00
429.00
428.00
427.00
426.00
425.00
425.00
423.00
422.00
422.00
421.00
421.00
420.00
420.00
418.00
418.00
414.00
413.00
413.00
412.00
412.00
411.00
409.00
409.00
408.00
405.00
404.00
401.00
398.00
398.00
395.00
394.00
390.00
390.00
389.00
389.00
388.00
388.00
387.00
387.00
386.00
385.00
384.00
383.00
381.00
380.00
380.00
378.00
377.00
376.00
376.00
374.00
373.00
370.00
369.00
369.00
365.00
362.00
361.00
361.00
360.00
358.00
356.00
353.00
353.00
352.00
351.00
350.00
348.00
346.00
346.00
345.00
343.00
342.00
341.00
341.00
338.00
337.00
337.00
335.00
334.00
333.00
331.00
331.00
329.00
326.00
324.00
323.00
322.00
321.00
321.00
318.00
317.00
314.00
314.00
314.00
312.00
312.00
312.00
311.00
308.00
306.00
304.00
303.00
301.00
301.00
299.00
299.00
299.00
298.00
297.00
295.00
294.00
293.00
293.00
290.00
287.00
286.00
280.00
280.00
278.00
278.00
276.00
274.00
274.00
274.00
274.00
272.00
269.00
269.00
269.00
268.00
262.00
260.00
259.00
258.00
257.00
257.00
256.00
255.00
255.00
254.00
252.00
251.00
245.00
241.00
240.00
240.00
239.00
237.00
237.00
236.00
235.00
233.00
231.00
231.00
230.00
227.00
226.00
226.00
223.00
222.00
222.00
222.00
220.00
219.00
218.00
216.00
208.00
208.00
207.00
206.00
206.00
206.00
206.00
206.00
206.00
204.00
203.00
202.00
202.00
200.00
200.00
197.00
196.00
193.00
192.00
191.00
189.00
188.00
186.00
186.00
185.00
185.00
183.00
181.00
181.00
180.00
179.00
178.00
177.00
176.00
176.00
174.00
174.00
174.00
174.00
172.00
171.00
168.00
167.00
167.00
166.00
166.00
163.00
161.00
159.00
159.00
159.00
157.00
157.00
156.00
156.00
152.00
151.00
149.00
148.00
146.00
146.00
145.00
143.00
142.00
140.00
139.00
136.00
136.00
135.00
134.00
134.00
130.00
128.00
128.00
127.00
126.00
126.00
125.00
124.00
123.00
121.00
120.00
118.00
114.00
113.00
113.00
112.00
111.00
111.00
110.00
109.00
109.00
108.00
108.00
108.00
107.00
106.00
105.00
105.00
103.00
103.00
103.00
101.00
101.00
98.00
97.00
96.00
93.00
90.00
90.00
89.00
85.00
84.00
81.00
80.00
76.00
75.00
75.00
75.00
75.00
74.00
74.00
70.00
68.00
66.00
64.00
63.00
62.00
62.00
61.00
60.00
57.00
55.00
55.00
55.00
52.00
51.00
51.00
47.00
42.00
41.00
40.00
40.00
39.00
38.00
38.00
37.00
37.00
36.00
