//Number of items      
500
//Bin Capacity         
1000.00
//Known Best Solution  
162
//Weight of Item		  
627.00
627.00
625.00
625.00
621.00
614.00
612.00
608.00
608.00
608.00
607.00
607.00
606.00
605.00
603.00
602.00
601.00
601.00
601.00
599.00
599.00
598.00
598.00
597.00
592.00
591.00
590.00
589.00
589.00
586.00
586.00
583.00
582.00
581.00
581.00
580.00
579.00
578.00
577.00
577.00
576.00
573.00
573.00
572.00
569.00
567.00
566.00
564.00
563.00
563.00
563.00
563.00
562.00
561.00
560.00
557.00
556.00
555.00
555.00
552.00
549.00
548.00
545.00
545.00
541.00
541.00
541.00
537.00
536.00
535.00
535.00
533.00
533.00
531.00
527.00
526.00
526.00
523.00
522.00
522.00
521.00
520.00
518.00
518.00
516.00
515.00
515.00
515.00
513.00
513.00
510.00
508.00
508.00
508.00
507.00
505.00
505.00
504.00
502.00
500.00
500.00
499.00
498.00
495.00
494.00
491.00
490.00
489.00
486.00
484.00
484.00
480.00
479.00
478.00
477.00
475.00
474.00
473.00
472.00
468.00
464.00
463.00
462.00
462.00
461.00
460.00
459.00
458.00
458.00
458.00
456.00
456.00
451.00
451.00
451.00
451.00
450.00
448.00
447.00
446.00
444.00
442.00
442.00
442.00
440.00
439.00
439.00
438.00
438.00
437.00
437.00
437.00
436.00
435.00
433.00
429.00
429.00
428.00
425.00
424.00
424.00
423.00
423.00
421.00
421.00
417.00
415.00
413.00
411.00
411.00
409.00
408.00
407.00
404.00
404.00
403.00
403.00
402.00
402.00
401.00
397.00
397.00
396.00
395.00
394.00
393.00
393.00
390.00
390.00
388.00
387.00
385.00
384.00
384.00
382.00
382.00
382.00
379.00
377.00
377.00
377.00
375.00
375.00
374.00
374.00
374.00
374.00
372.00
364.00
364.00
364.00
363.00
363.00
362.00
361.00
361.00
360.00
359.00
358.00
358.00
358.00
357.00
356.00
355.00
354.00
349.00
349.00
348.00
347.00
346.00
345.00
344.00
344.00
341.00
341.00
341.00
340.00
338.00
336.00
334.00
334.00
333.00
333.00
332.00
331.00
331.00
329.00
328.00
323.00
321.00
320.00
318.00
317.00
316.00
315.00
315.00
315.00
311.00
311.00
310.00
307.00
307.00
306.00
305.00
302.00
301.00
299.00
298.00
298.00
297.00
296.00
296.00
295.00
293.00
292.00
290.00
287.00
285.00
285.00
284.00
283.00
283.00
282.00
280.00
280.00
280.00
279.00
279.00
278.00
277.00
272.00
272.00
271.00
270.00
269.00
269.00
267.00
266.00
263.00
262.00
260.00
260.00
254.00
254.00
252.00
250.00
250.00
250.00
249.00
247.00
245.00
244.00
243.00
243.00
242.00
242.00
240.00
239.00
239.00
239.00
239.00
238.00
234.00
231.00
230.00
230.00
229.00
228.00
228.00
225.00
225.00
225.00
224.00
224.00
223.00
222.00
220.00
219.00
217.00
214.00
213.00
213.00
211.00
211.00
206.00
205.00
205.00
203.00
203.00
202.00
202.00
201.00
200.00
198.00
198.00
197.00
196.00
195.00
194.00
192.00
192.00
190.00
190.00
190.00
190.00
190.00
189.00
186.00
186.00
186.00
184.00
183.00
182.00
182.00
181.00
179.00
178.00
178.00
178.00
177.00
176.00
175.00
175.00
175.00
167.00
166.00
165.00
162.00
160.00
160.00
160.00
159.00
159.00
158.00
157.00
156.00
155.00
153.00
153.00
152.00
150.00
150.00
149.00
149.00
147.00
147.00
147.00
144.00
144.00
143.00
143.00
141.00
139.00
133.00
132.00
130.00
127.00
127.00
126.00
126.00
125.00
125.00
123.00
122.00
121.00
120.00
119.00
117.00
117.00
115.00
115.00
112.00
111.00
110.00
110.00
108.00
108.00
106.00
106.00
106.00
106.00
104.00
102.00
101.00
100.00
99.00
99.00
98.00
98.00
96.00
93.00
93.00
93.00
92.00
88.00
86.00
84.00
83.00
82.00
82.00
80.00
79.00
79.00
78.00
78.00
76.00
75.00
73.00
73.00
71.00
71.00
70.00
70.00
68.00
66.00
61.00
61.00
60.00
58.00
56.00
56.00
56.00
55.00
54.00
51.00
47.00
47.00
47.00
47.00
46.00
45.00
44.00
44.00
44.00
43.00
40.00
40.00
39.00
37.00
37.00
