//Number of items      
500
//Bin Capacity         
1000.00
//Known Best Solution  
162
//Weight of Item		  
627.00
626.00
625.00
624.00
624.00
621.00
619.00
618.00
618.00
617.00
616.00
609.00
608.00
608.00
608.00
606.00
606.00
605.00
604.00
604.00
604.00
602.00
601.00
600.00
598.00
595.00
594.00
592.00
591.00
590.00
589.00
589.00
586.00
586.00
584.00
583.00
583.00
581.00
581.00
580.00
579.00
577.00
576.00
575.00
575.00
574.00
574.00
572.00
570.00
570.00
569.00
567.00
567.00
564.00
563.00
563.00
563.00
560.00
558.00
554.00
553.00
552.00
550.00
550.00
549.00
548.00
548.00
548.00
546.00
545.00
543.00
543.00
542.00
542.00
540.00
539.00
537.00
536.00
536.00
534.00
533.00
530.00
526.00
523.00
522.00
521.00
520.00
520.00
519.00
519.00
517.00
517.00
516.00
516.00
511.00
510.00
510.00
506.00
503.00
503.00
502.00
502.00
499.00
498.00
497.00
497.00
496.00
495.00
491.00
491.00
491.00
490.00
489.00
489.00
486.00
482.00
481.00
481.00
481.00
478.00
477.00
477.00
477.00
476.00
475.00
475.00
474.00
472.00
471.00
471.00
469.00
467.00
467.00
467.00
466.00
463.00
462.00
462.00
461.00
461.00
458.00
457.00
454.00
453.00
452.00
450.00
449.00
449.00
449.00
446.00
446.00
445.00
443.00
441.00
441.00
437.00
435.00
434.00
434.00
432.00
432.00
430.00
429.00
426.00
425.00
425.00
424.00
421.00
421.00
418.00
418.00
417.00
415.00
411.00
411.00
411.00
408.00
407.00
406.00
405.00
404.00
404.00
403.00
403.00
403.00
402.00
400.00
399.00
396.00
395.00
395.00
395.00
392.00
391.00
391.00
391.00
390.00
390.00
388.00
388.00
387.00
385.00
384.00
381.00
381.00
381.00
380.00
380.00
380.00
380.00
377.00
377.00
375.00
374.00
373.00
372.00
371.00
371.00
369.00
368.00
366.00
366.00
366.00
365.00
364.00
364.00
359.00
355.00
351.00
351.00
350.00
348.00
347.00
347.00
346.00
344.00
342.00
340.00
339.00
338.00
337.00
336.00
335.00
332.00
331.00
331.00
331.00
329.00
329.00
327.00
327.00
326.00
325.00
324.00
324.00
324.00
320.00
320.00
320.00
319.00
318.00
318.00
317.00
316.00
315.00
314.00
314.00
314.00
314.00
312.00
306.00
304.00
303.00
301.00
300.00
300.00
299.00
297.00
297.00
296.00
292.00
291.00
288.00
288.00
288.00
284.00
283.00
282.00
277.00
275.00
272.00
272.00
271.00
270.00
268.00
263.00
261.00
261.00
261.00
261.00
260.00
256.00
256.00
256.00
254.00
254.00
250.00
249.00
249.00
246.00
246.00
243.00
242.00
239.00
237.00
231.00
231.00
230.00
230.00
230.00
229.00
225.00
224.00
223.00
223.00
222.00
222.00
216.00
216.00
215.00
214.00
214.00
213.00
212.00
211.00
210.00
209.00
209.00
208.00
206.00
203.00
201.00
199.00
199.00
199.00
198.00
196.00
196.00
195.00
195.00
192.00
192.00
190.00
188.00
185.00
183.00
183.00
181.00
181.00
180.00
179.00
178.00
176.00
175.00
173.00
170.00
170.00
170.00
168.00
167.00
167.00
161.00
159.00
156.00
156.00
156.00
156.00
155.00
154.00
154.00
153.00
152.00
151.00
150.00
149.00
148.00
144.00
143.00
142.00
141.00
140.00
140.00
139.00
138.00
137.00
136.00
136.00
130.00
129.00
129.00
128.00
124.00
122.00
121.00
121.00
121.00
115.00
115.00
114.00
114.00
112.00
112.00
111.00
111.00
108.00
108.00
108.00
107.00
107.00
106.00
106.00
106.00
106.00
106.00
102.00
101.00
101.00
99.00
98.00
98.00
98.00
98.00
97.00
97.00
95.00
94.00
90.00
89.00
89.00
88.00
86.00
86.00
86.00
85.00
84.00
81.00
81.00
80.00
80.00
79.00
79.00
79.00
77.00
77.00
76.00
75.00
75.00
74.00
74.00
74.00
74.00
73.00
72.00
68.00
67.00
66.00
65.00
65.00
64.00
63.00
62.00
62.00
61.00
61.00
60.00
60.00
60.00
59.00
58.00
58.00
55.00
55.00
54.00
53.00
53.00
50.00
48.00
46.00
45.00
45.00
45.00
44.00
43.00
43.00
40.00
39.00
38.00
37.00
37.00
37.00
