//Number of items      
500
//Bin Capacity         
1000.00
//Known Best Solution  
170
//Weight of Item		  
625.00
625.00
624.00
623.00
622.00
622.00
621.00
619.00
619.00
618.00
614.00
613.00
612.00
611.00
611.00
609.00
607.00
606.00
605.00
604.00
600.00
599.00
596.00
596.00
595.00
594.00
592.00
591.00
588.00
586.00
583.00
581.00
579.00
577.00
577.00
576.00
573.00
573.00
573.00
573.00
572.00
571.00
570.00
569.00
567.00
566.00
566.00
566.00
566.00
565.00
563.00
562.00
560.00
559.00
559.00
559.00
559.00
558.00
558.00
556.00
553.00
552.00
552.00
548.00
548.00
547.00
546.00
545.00
545.00
542.00
542.00
542.00
542.00
541.00
540.00
539.00
539.00
535.00
532.00
530.00
529.00
529.00
528.00
527.00
527.00
525.00
524.00
524.00
524.00
520.00
517.00
517.00
514.00
514.00
511.00
510.00
509.00
509.00
509.00
509.00
508.00
507.00
507.00
505.00
504.00
504.00
504.00
502.00
499.00
499.00
496.00
494.00
493.00
491.00
490.00
489.00
489.00
489.00
488.00
485.00
485.00
483.00
483.00
481.00
480.00
479.00
479.00
476.00
475.00
475.00
474.00
473.00
467.00
466.00
466.00
466.00
465.00
464.00
461.00
461.00
461.00
461.00
461.00
460.00
460.00
459.00
459.00
457.00
456.00
454.00
454.00
454.00
452.00
450.00
449.00
448.00
448.00
447.00
443.00
442.00
442.00
441.00
439.00
439.00
439.00
439.00
438.00
437.00
433.00
433.00
433.00
433.00
433.00
433.00
432.00
432.00
432.00
431.00
431.00
429.00
428.00
428.00
426.00
425.00
425.00
423.00
423.00
422.00
420.00
420.00
420.00
420.00
417.00
414.00
411.00
410.00
410.00
409.00
409.00
408.00
407.00
407.00
405.00
400.00
399.00
398.00
397.00
397.00
395.00
394.00
394.00
394.00
389.00
389.00
387.00
384.00
384.00
381.00
380.00
379.00
379.00
379.00
378.00
377.00
377.00
376.00
374.00
373.00
373.00
372.00
372.00
369.00
368.00
368.00
368.00
368.00
367.00
366.00
365.00
363.00
363.00
361.00
358.00
355.00
350.00
348.00
347.00
344.00
344.00
343.00
339.00
339.00
337.00
336.00
335.00
334.00
333.00
333.00
332.00
332.00
331.00
330.00
328.00
327.00
327.00
326.00
326.00
326.00
325.00
325.00
321.00
321.00
320.00
320.00
320.00
317.00
311.00
311.00
311.00
310.00
309.00
309.00
306.00
304.00
302.00
302.00
300.00
299.00
298.00
297.00
295.00
295.00
294.00
293.00
293.00
292.00
291.00
291.00
291.00
289.00
289.00
289.00
288.00
288.00
285.00
284.00
284.00
284.00
282.00
282.00
279.00
279.00
278.00
277.00
276.00
276.00
275.00
274.00
270.00
270.00
269.00
269.00
269.00
268.00
268.00
260.00
260.00
259.00
259.00
259.00
258.00
256.00
254.00
253.00
250.00
249.00
248.00
246.00
246.00
245.00
243.00
243.00
243.00
242.00
239.00
239.00
238.00
235.00
232.00
231.00
231.00
225.00
224.00
220.00
219.00
219.00
215.00
214.00
212.00
212.00
211.00
210.00
209.00
207.00
206.00
205.00
205.00
204.00
202.00
202.00
202.00
201.00
200.00
200.00
199.00
198.00
198.00
197.00
196.00
192.00
190.00
190.00
187.00
187.00
182.00
180.00
180.00
178.00
177.00
177.00
175.00
175.00
173.00
172.00
168.00
166.00
165.00
161.00
160.00
159.00
157.00
155.00
152.00
152.00
150.00
150.00
145.00
145.00
144.00
139.00
139.00
139.00
139.00
138.00
138.00
137.00
133.00
132.00
131.00
131.00
130.00
130.00
129.00
129.00
127.00
123.00
123.00
122.00
121.00
121.00
120.00
120.00
118.00
118.00
118.00
118.00
118.00
115.00
113.00
113.00
111.00
111.00
109.00
109.00
107.00
107.00
103.00
102.00
102.00
102.00
99.00
98.00
95.00
95.00
94.00
93.00
90.00
89.00
87.00
87.00
86.00
85.00
81.00
81.00
80.00
79.00
78.00
78.00
76.00
75.00
74.00
72.00
69.00
69.00
66.00
64.00
63.00
59.00
58.00
57.00
56.00
56.00
56.00
55.00
54.00
54.00
54.00
53.00
53.00
51.00
51.00
50.00
49.00
49.00
47.00
47.00
44.00
40.00
40.00
36.00
