//Number of items      
500
//Bin Capacity         
1000.00
//Known Best Solution  
158
//Weight of Item		  
626.00
626.00
625.00
623.00
623.00
622.00
621.00
619.00
619.00
617.00
616.00
615.00
614.00
613.00
613.00
610.00
607.00
605.00
604.00
601.00
600.00
598.00
596.00
595.00
592.00
591.00
590.00
589.00
589.00
588.00
587.00
586.00
584.00
583.00
581.00
581.00
577.00
574.00
572.00
571.00
568.00
565.00
565.00
563.00
563.00
563.00
558.00
557.00
557.00
556.00
555.00
554.00
553.00
553.00
553.00
546.00
545.00
545.00
543.00
543.00
543.00
542.00
541.00
540.00
538.00
537.00
537.00
535.00
533.00
532.00
531.00
530.00
529.00
527.00
526.00
525.00
520.00
520.00
519.00
518.00
517.00
515.00
514.00
513.00
511.00
509.00
508.00
506.00
505.00
501.00
497.00
497.00
496.00
493.00
491.00
486.00
485.00
485.00
481.00
477.00
475.00
473.00
471.00
468.00
468.00
467.00
467.00
467.00
464.00
463.00
461.00
460.00
457.00
457.00
457.00
456.00
450.00
450.00
448.00
447.00
447.00
445.00
445.00
443.00
443.00
441.00
439.00
438.00
438.00
437.00
434.00
434.00
431.00
430.00
427.00
425.00
424.00
424.00
423.00
422.00
422.00
421.00
420.00
419.00
419.00
418.00
415.00
412.00
412.00
412.00
410.00
410.00
408.00
407.00
407.00
406.00
405.00
403.00
403.00
399.00
398.00
397.00
397.00
396.00
395.00
394.00
394.00
393.00
390.00
388.00
387.00
386.00
386.00
385.00
381.00
378.00
378.00
377.00
377.00
376.00
375.00
372.00
370.00
369.00
368.00
367.00
366.00
366.00
366.00
366.00
366.00
364.00
363.00
362.00
362.00
362.00
361.00
360.00
359.00
358.00
357.00
356.00
356.00
352.00
351.00
350.00
350.00
350.00
349.00
348.00
347.00
347.00
343.00
343.00
343.00
342.00
342.00
340.00
340.00
338.00
338.00
337.00
337.00
337.00
336.00
334.00
333.00
331.00
330.00
329.00
328.00
326.00
323.00
323.00
322.00
321.00
319.00
318.00
318.00
317.00
316.00
316.00
316.00
316.00
314.00
313.00
310.00
310.00
308.00
308.00
308.00
307.00
305.00
305.00
305.00
304.00
304.00
304.00
304.00
304.00
303.00
303.00
303.00
302.00
300.00
299.00
298.00
298.00
297.00
297.00
297.00
293.00
290.00
290.00
289.00
288.00
287.00
286.00
286.00
281.00
280.00
279.00
278.00
277.00
276.00
274.00
273.00
272.00
271.00
269.00
269.00
269.00
268.00
266.00
266.00
266.00
264.00
263.00
263.00
263.00
260.00
259.00
259.00
258.00
258.00
254.00
252.00
248.00
247.00
245.00
245.00
244.00
242.00
242.00
241.00
240.00
239.00
235.00
235.00
232.00
232.00
231.00
230.00
229.00
228.00
227.00
227.00
225.00
225.00
220.00
220.00
219.00
217.00
216.00
213.00
213.00
212.00
211.00
208.00
208.00
208.00
208.00
203.00
200.00
200.00
199.00
199.00
198.00
198.00
197.00
197.00
197.00
195.00
195.00
194.00
194.00
192.00
190.00
190.00
188.00
187.00
187.00
186.00
185.00
183.00
183.00
182.00
182.00
182.00
180.00
180.00
178.00
177.00
176.00
176.00
175.00
174.00
172.00
172.00
171.00
170.00
167.00
166.00
166.00
161.00
160.00
160.00
158.00
158.00
156.00
156.00
156.00
156.00
153.00
153.00
152.00
150.00
148.00
147.00
147.00
147.00
141.00
140.00
139.00
139.00
138.00
138.00
138.00
135.00
134.00
131.00
131.00
130.00
128.00
126.00
126.00
125.00
125.00
125.00
124.00
123.00
123.00
123.00
120.00
119.00
119.00
118.00
117.00
116.00
115.00
114.00
113.00
113.00
112.00
111.00
110.00
107.00
106.00
105.00
105.00
104.00
103.00
103.00
101.00
100.00
100.00
98.00
98.00
98.00
98.00
98.00
96.00
94.00
93.00
91.00
89.00
88.00
85.00
84.00
82.00
81.00
78.00
78.00
77.00
75.00
75.00
74.00
72.00
71.00
70.00
68.00
67.00
66.00
64.00
64.00
64.00
64.00
59.00
58.00
58.00
57.00
56.00
54.00
54.00
52.00
51.00
50.00
49.00
46.00
45.00
45.00
43.00
43.00
43.00
42.00
39.00
38.00
38.00
37.00
36.00
