//Number of items      
500
//Bin Capacity         
1000.00
//Known Best Solution  
170
//Weight of Item		  
494.00
494.00
493.00
492.00
490.00
489.00
487.00
487.00
486.00
485.00
485.00
485.00
485.00
483.00
483.00
482.00
482.00
481.00
481.00
480.00
478.00
477.00
476.00
476.00
475.00
475.00
475.00
474.00
474.00
474.00
474.00
473.00
473.00
472.00
471.00
471.00
471.00
471.00
470.00
470.00
470.00
467.00
467.00
467.00
467.00
466.00
466.00
466.00
466.00
464.00
464.00
464.00
463.00
463.00
460.00
460.00
459.00
459.00
459.00
458.00
458.00
458.00
456.00
455.00
455.00
455.00
454.00
452.00
452.00
452.00
451.00
450.00
449.00
447.00
446.00
446.00
446.00
446.00
445.00
445.00
444.00
444.00
443.00
442.00
442.00
441.00
441.00
441.00
440.00
438.00
438.00
437.00
437.00
436.00
436.00
435.00
435.00
434.00
433.00
432.00
432.00
432.00
431.00
431.00
430.00
427.00
427.00
427.00
426.00
426.00
425.00
425.00
423.00
423.00
423.00
422.00
422.00
422.00
421.00
421.00
420.00
420.00
419.00
418.00
417.00
417.00
417.00
416.00
416.00
416.00
413.00
413.00
413.00
412.00
412.00
411.00
410.00
410.00
409.00
409.00
407.00
407.00
407.00
407.00
405.00
404.00
404.00
402.00
402.00
400.00
399.00
398.00
396.00
396.00
395.00
394.00
394.00
394.00
393.00
393.00
393.00
391.00
390.00
389.00
389.00
389.00
388.00
388.00
388.00
387.00
386.00
385.00
385.00
384.00
384.00
383.00
383.00
382.00
382.00
382.00
380.00
380.00
380.00
380.00
379.00
379.00
378.00
378.00
378.00
378.00
377.00
377.00
375.00
375.00
374.00
373.00
373.00
373.00
372.00
371.00
370.00
370.00
369.00
369.00
368.00
368.00
367.00
366.00
366.00
366.00
365.00
364.00
364.00
364.00
364.00
364.00
361.00
361.00
361.00
360.00
359.00
359.00
359.00
358.00
357.00
357.00
355.00
355.00
354.00
354.00
354.00
353.00
352.00
352.00
351.00
351.00
350.00
349.00
349.00
349.00
349.00
348.00
347.00
347.00
346.00
345.00
345.00
345.00
345.00
344.00
343.00
343.00
343.00
343.00
342.00
342.00
341.00
341.00
341.00
341.00
340.00
338.00
338.00
337.00
336.00
336.00
336.00
335.00
335.00
335.00
334.00
334.00
332.00
331.00
330.00
330.00
330.00
329.00
329.00
329.00
329.00
328.00
328.00
328.00
327.00
327.00
325.00
325.00
325.00
325.00
323.00
323.00
322.00
322.00
321.00
320.00
319.00
318.00
318.00
317.00
316.00
315.00
315.00
315.00
314.00
313.00
313.00
313.00
312.00
311.00
310.00
309.00
307.00
307.00
306.00
306.00
306.00
306.00
304.00
304.00
303.00
303.00
302.00
302.00
300.00
300.00
300.00
299.00
298.00
298.00
297.00
297.00
296.00
295.00
295.00
294.00
293.00
293.00
292.00
291.00
291.00
291.00
290.00
288.00
286.00
285.00
285.00
284.00
284.00
283.00
282.00
282.00
282.00
279.00
278.00
277.00
276.00
276.00
276.00
275.00
274.00
273.00
273.00
272.00
272.00
271.00
270.00
270.00
270.00
269.00
269.00
266.00
266.00
265.00
262.00
262.00
261.00
261.00
260.00
260.00
256.00
255.00
253.00
253.00
251.00
251.00
250.00
249.00
249.00
246.00
246.00
242.00
241.00
241.00
241.00
240.00
240.00
239.00
239.00
237.00
236.00
235.00
235.00
235.00
234.00
233.00
233.00
233.00
232.00
232.00
232.00
230.00
229.00
228.00
227.00
226.00
225.00
224.00
223.00
223.00
222.00
222.00
220.00
220.00
220.00
219.00
219.00
217.00
217.00
216.00
215.00
215.00
215.00
214.00
213.00
212.00
212.00
211.00
210.00
210.00
209.00
208.00
208.00
208.00
208.00
207.00
207.00
206.00
206.00
205.00
205.00
205.00
204.00
203.00
203.00
201.00
200.00
199.00
199.00
198.00
198.00
198.00
198.00
197.00
196.00
196.00
195.00
195.00
194.00
194.00
190.00
190.00
190.00
190.00
189.00
186.00
186.00
184.00
183.00
183.00
181.00
180.00
179.00
179.00
177.00
177.00
176.00
175.00
174.00
174.00
174.00
174.00
173.00
172.00
171.00
171.00
170.00
168.00
167.00
167.00
