//Number of items      
500
//Bin Capacity         
1000.00
//Known Best Solution  
169
//Weight of Item		  
494.00
494.00
494.00
494.00
493.00
492.00
492.00
491.00
491.00
490.00
490.00
490.00
490.00
489.00
489.00
487.00
486.00
486.00
486.00
485.00
485.00
484.00
484.00
483.00
482.00
481.00
480.00
479.00
477.00
477.00
476.00
476.00
474.00
474.00
474.00
473.00
473.00
473.00
473.00
473.00
472.00
470.00
470.00
468.00
468.00
468.00
467.00
467.00
467.00
466.00
465.00
462.00
462.00
462.00
461.00
460.00
460.00
460.00
460.00
459.00
459.00
458.00
457.00
457.00
457.00
456.00
456.00
455.00
452.00
452.00
452.00
452.00
451.00
450.00
449.00
449.00
448.00
448.00
446.00
446.00
446.00
445.00
443.00
443.00
443.00
443.00
441.00
441.00
441.00
440.00
440.00
440.00
439.00
438.00
436.00
436.00
435.00
434.00
434.00
433.00
433.00
432.00
431.00
431.00
430.00
429.00
428.00
427.00
427.00
426.00
426.00
424.00
424.00
422.00
422.00
422.00
421.00
421.00
421.00
419.00
418.00
418.00
418.00
417.00
417.00
416.00
415.00
415.00
414.00
414.00
413.00
413.00
413.00
412.00
412.00
412.00
411.00
411.00
410.00
408.00
408.00
407.00
407.00
406.00
406.00
405.00
405.00
404.00
403.00
403.00
403.00
401.00
401.00
400.00
400.00
400.00
400.00
398.00
396.00
396.00
396.00
395.00
395.00
393.00
393.00
393.00
393.00
392.00
391.00
391.00
390.00
390.00
390.00
390.00
390.00
389.00
388.00
387.00
385.00
384.00
384.00
384.00
384.00
383.00
383.00
382.00
382.00
380.00
380.00
379.00
378.00
378.00
377.00
376.00
376.00
376.00
376.00
375.00
373.00
373.00
371.00
371.00
371.00
371.00
370.00
369.00
369.00
369.00
369.00
368.00
367.00
367.00
365.00
365.00
364.00
364.00
364.00
364.00
363.00
363.00
363.00
363.00
363.00
362.00
362.00
362.00
361.00
361.00
359.00
359.00
359.00
358.00
358.00
357.00
357.00
355.00
354.00
353.00
353.00
353.00
353.00
351.00
351.00
351.00
351.00
351.00
350.00
349.00
348.00
348.00
347.00
346.00
345.00
345.00
344.00
344.00
343.00
342.00
342.00
341.00
341.00
340.00
339.00
338.00
337.00
336.00
336.00
336.00
336.00
336.00
335.00
334.00
333.00
333.00
333.00
333.00
332.00
332.00
331.00
330.00
329.00
328.00
328.00
327.00
326.00
326.00
325.00
323.00
321.00
321.00
320.00
319.00
318.00
318.00
317.00
317.00
317.00
317.00
316.00
315.00
315.00
313.00
313.00
312.00
312.00
311.00
310.00
310.00
309.00
309.00
309.00
308.00
308.00
308.00
307.00
307.00
305.00
304.00
303.00
302.00
301.00
301.00
299.00
298.00
297.00
297.00
294.00
293.00
290.00
289.00
289.00
289.00
288.00
287.00
287.00
286.00
286.00
285.00
284.00
284.00
283.00
282.00
281.00
279.00
278.00
278.00
278.00
278.00
277.00
277.00
276.00
276.00
271.00
271.00
270.00
269.00
269.00
266.00
265.00
265.00
265.00
264.00
264.00
263.00
263.00
263.00
263.00
262.00
258.00
257.00
257.00
257.00
254.00
253.00
253.00
252.00
251.00
250.00
250.00
249.00
247.00
247.00
246.00
243.00
243.00
242.00
242.00
241.00
239.00
238.00
238.00
236.00
236.00
235.00
235.00
234.00
234.00
233.00
232.00
229.00
228.00
228.00
228.00
224.00
223.00
223.00
221.00
220.00
219.00
218.00
217.00
216.00
216.00
215.00
215.00
214.00
214.00
212.00
212.00
212.00
210.00
210.00
209.00
208.00
208.00
208.00
206.00
206.00
205.00
204.00
204.00
203.00
203.00
202.00
202.00
202.00
201.00
201.00
201.00
200.00
200.00
199.00
199.00
197.00
197.00
197.00
196.00
196.00
196.00
195.00
195.00
194.00
194.00
194.00
193.00
193.00
193.00
192.00
192.00
190.00
190.00
190.00
190.00
189.00
188.00
188.00
187.00
187.00
186.00
185.00
185.00
183.00
182.00
182.00
181.00
181.00
181.00
180.00
180.00
180.00
179.00
178.00
178.00
177.00
177.00
176.00
175.00
175.00
175.00
174.00
174.00
174.00
173.00
171.00
170.00
170.00
169.00
169.00
169.00
167.00
