//Number of items      
500
//Bin Capacity         
1000.00
//Known Best Solution  
169
//Weight of Item		  
626.00
626.00
625.00
625.00
622.00
621.00
621.00
621.00
620.00
620.00
620.00
619.00
618.00
616.00
616.00
616.00
616.00
615.00
615.00
611.00
610.00
610.00
608.00
606.00
603.00
602.00
601.00
599.00
598.00
597.00
597.00
595.00
594.00
594.00
592.00
591.00
589.00
586.00
586.00
584.00
581.00
578.00
578.00
578.00
577.00
575.00
574.00
573.00
570.00
570.00
568.00
564.00
562.00
561.00
560.00
558.00
556.00
555.00
554.00
553.00
552.00
551.00
549.00
547.00
547.00
546.00
546.00
543.00
542.00
541.00
540.00
539.00
539.00
538.00
536.00
535.00
533.00
532.00
530.00
529.00
529.00
528.00
527.00
526.00
523.00
522.00
521.00
520.00
517.00
516.00
515.00
515.00
512.00
512.00
512.00
512.00
511.00
511.00
510.00
509.00
509.00
506.00
505.00
503.00
503.00
503.00
502.00
502.00
501.00
501.00
501.00
501.00
499.00
498.00
496.00
495.00
493.00
492.00
492.00
491.00
489.00
489.00
488.00
488.00
488.00
487.00
487.00
484.00
480.00
480.00
478.00
477.00
476.00
476.00
474.00
474.00
474.00
474.00
472.00
471.00
468.00
468.00
465.00
464.00
464.00
463.00
463.00
462.00
461.00
459.00
459.00
458.00
454.00
451.00
449.00
449.00
449.00
447.00
447.00
446.00
446.00
443.00
443.00
441.00
440.00
439.00
439.00
436.00
434.00
432.00
432.00
432.00
431.00
430.00
428.00
426.00
425.00
423.00
423.00
422.00
420.00
418.00
418.00
417.00
416.00
415.00
412.00
409.00
409.00
403.00
402.00
401.00
400.00
399.00
399.00
398.00
394.00
394.00
392.00
392.00
392.00
391.00
388.00
386.00
384.00
384.00
384.00
382.00
382.00
381.00
380.00
379.00
379.00
378.00
377.00
377.00
374.00
374.00
373.00
373.00
372.00
371.00
370.00
370.00
370.00
369.00
368.00
368.00
367.00
367.00
367.00
366.00
366.00
366.00
363.00
363.00
363.00
363.00
362.00
361.00
361.00
360.00
360.00
358.00
357.00
357.00
356.00
355.00
355.00
350.00
350.00
349.00
348.00
347.00
345.00
345.00
342.00
341.00
340.00
339.00
337.00
336.00
336.00
335.00
334.00
333.00
331.00
331.00
329.00
329.00
327.00
324.00
323.00
323.00
316.00
316.00
313.00
312.00
311.00
309.00
309.00
307.00
304.00
302.00
301.00
297.00
296.00
295.00
294.00
293.00
293.00
292.00
292.00
290.00
289.00
288.00
286.00
286.00
283.00
281.00
279.00
278.00
278.00
276.00
272.00
272.00
272.00
270.00
269.00
268.00
267.00
265.00
265.00
263.00
262.00
260.00
259.00
258.00
258.00
254.00
252.00
252.00
252.00
248.00
248.00
246.00
246.00
245.00
244.00
244.00
241.00
241.00
240.00
239.00
237.00
236.00
231.00
230.00
229.00
228.00
224.00
223.00
220.00
218.00
218.00
218.00
217.00
216.00
215.00
215.00
214.00
214.00
212.00
211.00
211.00
211.00
209.00
209.00
206.00
206.00
204.00
203.00
200.00
198.00
194.00
193.00
193.00
193.00
193.00
192.00
191.00
189.00
189.00
189.00
188.00
188.00
187.00
187.00
187.00
187.00
186.00
183.00
182.00
181.00
180.00
179.00
179.00
178.00
178.00
177.00
174.00
173.00
170.00
170.00
169.00
167.00
166.00
164.00
164.00
164.00
161.00
160.00
159.00
158.00
158.00
157.00
157.00
157.00
157.00
156.00
155.00
153.00
152.00
151.00
151.00
150.00
148.00
147.00
144.00
142.00
140.00
137.00
136.00
134.00
134.00
133.00
130.00
130.00
129.00
129.00
128.00
127.00
127.00
127.00
124.00
124.00
124.00
124.00
123.00
121.00
118.00
115.00
115.00
115.00
112.00
112.00
110.00
105.00
104.00
103.00
101.00
100.00
100.00
99.00
98.00
94.00
94.00
94.00
93.00
93.00
93.00
86.00
85.00
84.00
83.00
82.00
81.00
81.00
81.00
79.00
78.00
78.00
77.00
75.00
73.00
71.00
65.00
64.00
64.00
63.00
63.00
62.00
60.00
59.00
57.00
56.00
56.00
54.00
53.00
53.00
53.00
49.00
48.00
45.00
45.00
42.00
42.00
41.00
39.00
36.00
