//Number of items      
500
//Bin Capacity         
1000.00
//Known Best Solution  
170
//Weight of Item		  
626.00
625.00
624.00
622.00
620.00
620.00
620.00
619.00
613.00
611.00
610.00
609.00
608.00
606.00
606.00
604.00
601.00
601.00
601.00
600.00
598.00
598.00
597.00
591.00
587.00
586.00
586.00
586.00
584.00
584.00
584.00
584.00
583.00
583.00
582.00
582.00
581.00
581.00
581.00
579.00
579.00
579.00
578.00
578.00
578.00
576.00
573.00
570.00
569.00
567.00
567.00
565.00
564.00
562.00
559.00
559.00
558.00
557.00
555.00
553.00
553.00
550.00
550.00
547.00
545.00
544.00
543.00
542.00
541.00
541.00
540.00
540.00
539.00
539.00
537.00
536.00
535.00
533.00
532.00
531.00
529.00
528.00
527.00
527.00
525.00
524.00
524.00
523.00
521.00
520.00
520.00
518.00
518.00
518.00
517.00
517.00
516.00
516.00
515.00
514.00
514.00
512.00
507.00
506.00
505.00
505.00
504.00
503.00
502.00
502.00
502.00
501.00
500.00
499.00
499.00
497.00
497.00
496.00
495.00
495.00
495.00
494.00
493.00
491.00
491.00
487.00
485.00
484.00
483.00
482.00
480.00
479.00
478.00
475.00
475.00
475.00
472.00
471.00
471.00
469.00
468.00
467.00
466.00
465.00
465.00
463.00
463.00
462.00
462.00
462.00
462.00
461.00
461.00
461.00
460.00
458.00
457.00
457.00
456.00
454.00
454.00
452.00
451.00
447.00
443.00
443.00
442.00
439.00
439.00
439.00
438.00
437.00
435.00
434.00
433.00
431.00
431.00
428.00
428.00
428.00
427.00
427.00
425.00
425.00
423.00
421.00
420.00
419.00
417.00
416.00
415.00
412.00
411.00
411.00
406.00
405.00
404.00
401.00
401.00
400.00
397.00
397.00
396.00
395.00
394.00
394.00
394.00
393.00
393.00
390.00
390.00
388.00
388.00
386.00
385.00
383.00
381.00
378.00
378.00
377.00
377.00
376.00
375.00
375.00
373.00
372.00
370.00
369.00
369.00
367.00
366.00
365.00
365.00
364.00
364.00
363.00
360.00
359.00
359.00
358.00
354.00
353.00
353.00
353.00
352.00
350.00
349.00
348.00
345.00
345.00
345.00
344.00
342.00
342.00
341.00
340.00
335.00
333.00
333.00
332.00
331.00
331.00
329.00
328.00
327.00
326.00
326.00
325.00
325.00
322.00
322.00
321.00
321.00
321.00
320.00
318.00
317.00
317.00
317.00
317.00
317.00
317.00
316.00
315.00
314.00
313.00
313.00
312.00
310.00
308.00
307.00
307.00
306.00
306.00
306.00
302.00
298.00
296.00
296.00
295.00
295.00
295.00
293.00
293.00
291.00
289.00
288.00
287.00
287.00
286.00
285.00
285.00
282.00
281.00
280.00
275.00
274.00
274.00
270.00
269.00
269.00
268.00
268.00
266.00
265.00
265.00
263.00
263.00
263.00
263.00
262.00
261.00
258.00
257.00
257.00
257.00
255.00
253.00
252.00
250.00
250.00
246.00
243.00
243.00
240.00
240.00
237.00
237.00
236.00
234.00
234.00
233.00
231.00
230.00
228.00
227.00
226.00
226.00
225.00
225.00
223.00
221.00
220.00
220.00
218.00
217.00
217.00
216.00
214.00
212.00
212.00
211.00
206.00
206.00
203.00
203.00
202.00
202.00
201.00
201.00
201.00
201.00
200.00
194.00
194.00
194.00
192.00
191.00
190.00
186.00
186.00
183.00
183.00
174.00
171.00
167.00
167.00
167.00
166.00
163.00
163.00
162.00
159.00
158.00
157.00
156.00
156.00
151.00
150.00
148.00
145.00
145.00
143.00
142.00
141.00
137.00
136.00
132.00
132.00
131.00
131.00
129.00
129.00
128.00
126.00
126.00
125.00
125.00
122.00
121.00
120.00
119.00
114.00
113.00
112.00
111.00
109.00
109.00
109.00
109.00
106.00
105.00
105.00
102.00
102.00
100.00
95.00
95.00
91.00
91.00
88.00
88.00
87.00
84.00
84.00
82.00
81.00
80.00
78.00
76.00
75.00
75.00
73.00
73.00
73.00
72.00
69.00
69.00
68.00
67.00
65.00
65.00
64.00
64.00
62.00
61.00
59.00
57.00
57.00
53.00
51.00
51.00
49.00
49.00
49.00
49.00
48.00
47.00
46.00
45.00
44.00
43.00
42.00
42.00
41.00
39.00
39.00
38.00
37.00
35.00
