//Number of items      
500
//Bin Capacity         
1000.00
//Known Best Solution  
100
//Weight of Item		  
380.00
380.00
378.00
376.00
375.00
375.00
374.00
372.00
371.00
370.00
370.00
370.00
369.00
369.00
368.00
368.00
365.00
365.00
365.00
364.00
363.00
362.00
361.00
360.00
359.00
359.00
357.00
354.00
354.00
353.00
353.00
352.00
350.00
349.00
349.00
349.00
349.00
349.00
348.00
347.00
347.00
346.00
345.00
345.00
342.00
341.00
340.00
340.00
339.00
338.00
337.00
337.00
337.00
335.00
334.00
334.00
334.00
333.00
333.00
332.00
331.00
331.00
329.00
329.00
329.00
328.00
328.00
327.00
326.00
325.00
325.00
324.00
324.00
323.00
322.00
320.00
320.00
320.00
320.00
319.00
318.00
317.00
314.00
314.00
314.00
313.00
313.00
312.00
309.00
306.00
306.00
305.00
303.00
303.00
303.00
302.00
302.00
301.00
301.00
301.00
299.00
299.00
297.00
296.00
296.00
295.00
295.00
294.00
293.00
293.00
293.00
292.00
292.00
292.00
292.00
291.00
291.00
291.00
289.00
289.00
288.00
288.00
288.00
287.00
286.00
286.00
286.00
286.00
285.00
284.00
284.00
284.00
283.00
283.00
283.00
282.00
280.00
279.00
278.00
278.00
277.00
277.00
276.00
276.00
275.00
274.00
271.00
271.00
270.00
270.00
269.00
269.00
269.00
268.00
268.00
268.00
267.00
267.00
267.00
266.00
265.00
265.00
265.00
263.00
263.00
262.00
262.00
260.00
259.00
258.00
258.00
258.00
258.00
257.00
256.00
256.00
255.00
255.00
254.00
254.00
254.00
252.00
252.00
252.00
251.00
250.00
250.00
249.00
249.00
247.00
246.00
246.00
244.00
244.00
242.00
242.00
241.00
241.00
241.00
241.00
241.00
240.00
238.00
237.00
236.00
236.00
232.00
231.00
230.00
229.00
229.00
229.00
228.00
228.00
228.00
226.00
225.00
224.00
223.00
222.00
221.00
221.00
220.00
219.00
219.00
219.00
218.00
217.00
215.00
214.00
213.00
212.00
211.00
210.00
210.00
210.00
209.00
209.00
209.00
208.00
207.00
207.00
207.00
207.00
206.00
206.00
205.00
205.00
204.00
202.00
202.00
202.00
200.00
199.00
199.00
198.00
196.00
195.00
192.00
192.00
191.00
191.00
191.00
190.00
190.00
189.00
188.00
186.00
186.00
184.00
184.00
184.00
183.00
183.00
183.00
182.00
182.00
182.00
182.00
180.00
180.00
180.00
179.00
179.00
179.00
178.00
178.00
178.00
177.00
176.00
176.00
176.00
175.00
175.00
174.00
174.00
174.00
174.00
171.00
170.00
170.00
169.00
167.00
167.00
166.00
163.00
161.00
160.00
159.00
157.00
156.00
156.00
156.00
156.00
155.00
154.00
154.00
153.00
152.00
151.00
151.00
151.00
150.00
150.00
150.00
148.00
148.00
146.00
146.00
146.00
145.00
145.00
144.00
144.00
144.00
144.00
144.00
142.00
142.00
141.00
140.00
138.00
138.00
137.00
136.00
133.00
132.00
132.00
131.00
131.00
131.00
131.00
130.00
129.00
128.00
126.00
125.00
123.00
123.00
123.00
121.00
121.00
120.00
120.00
120.00
120.00
120.00
120.00
118.00
117.00
116.00
116.00
114.00
114.00
112.00
112.00
112.00
112.00
108.00
108.00
107.00
107.00
106.00
104.00
104.00
104.00
103.00
103.00
100.00
98.00
98.00
95.00
94.00
94.00
94.00
93.00
93.00
93.00
92.00
92.00
89.00
89.00
89.00
88.00
87.00
86.00
86.00
83.00
83.00
81.00
80.00
80.00
79.00
79.00
77.00
77.00
76.00
76.00
76.00
76.00
76.00
75.00
75.00
75.00
74.00
74.00
74.00
74.00
74.00
73.00
73.00
71.00
71.00
71.00
71.00
70.00
69.00
68.00
68.00
68.00
67.00
67.00
67.00
65.00
62.00
62.00
62.00
61.00
60.00
60.00
59.00
58.00
58.00
57.00
57.00
56.00
55.00
55.00
55.00
55.00
53.00
53.00
53.00
51.00
50.00
50.00
50.00
50.00
48.00
48.00
47.00
46.00
46.00
45.00
44.00
43.00
43.00
40.00
38.00
36.00
35.00
33.00
33.00
32.00
32.00
32.00
31.00
29.00
28.00
27.00
25.00
25.00
25.00
24.00
24.00
24.00
24.00
22.00
22.00
22.00
