//Number of items      
500
//Bin Capacity         
1000.00
//Known Best Solution  
101
//Weight of Item		  
380.00
380.00
380.00
379.00
379.00
379.00
378.00
377.00
377.00
377.00
376.00
376.00
374.00
373.00
373.00
372.00
370.00
370.00
370.00
370.00
370.00
369.00
369.00
368.00
367.00
366.00
365.00
365.00
365.00
365.00
364.00
363.00
362.00
361.00
361.00
360.00
360.00
359.00
359.00
358.00
358.00
357.00
357.00
357.00
357.00
356.00
355.00
353.00
352.00
351.00
350.00
350.00
349.00
348.00
348.00
348.00
348.00
348.00
347.00
345.00
345.00
345.00
341.00
341.00
339.00
338.00
337.00
337.00
337.00
337.00
336.00
334.00
334.00
332.00
331.00
329.00
329.00
327.00
327.00
325.00
323.00
323.00
322.00
321.00
320.00
320.00
320.00
319.00
319.00
317.00
314.00
313.00
312.00
312.00
310.00
308.00
308.00
307.00
306.00
306.00
306.00
306.00
304.00
304.00
304.00
303.00
303.00
303.00
302.00
302.00
300.00
299.00
295.00
294.00
294.00
294.00
293.00
293.00
293.00
290.00
290.00
287.00
286.00
286.00
286.00
285.00
285.00
283.00
282.00
281.00
281.00
280.00
279.00
278.00
278.00
277.00
277.00
277.00
274.00
273.00
273.00
272.00
272.00
271.00
270.00
270.00
269.00
268.00
267.00
266.00
266.00
264.00
264.00
262.00
261.00
261.00
261.00
261.00
261.00
260.00
260.00
260.00
260.00
258.00
258.00
257.00
257.00
257.00
256.00
256.00
254.00
254.00
254.00
253.00
253.00
252.00
252.00
252.00
252.00
251.00
251.00
249.00
249.00
248.00
247.00
247.00
246.00
246.00
245.00
245.00
242.00
242.00
240.00
240.00
240.00
239.00
239.00
237.00
237.00
236.00
236.00
235.00
234.00
234.00
234.00
234.00
233.00
233.00
233.00
232.00
230.00
230.00
229.00
228.00
227.00
226.00
225.00
225.00
225.00
225.00
224.00
224.00
222.00
221.00
220.00
219.00
219.00
218.00
217.00
217.00
216.00
216.00
214.00
214.00
214.00
213.00
212.00
212.00
210.00
210.00
210.00
209.00
209.00
208.00
206.00
206.00
206.00
204.00
203.00
203.00
202.00
202.00
201.00
199.00
199.00
198.00
198.00
197.00
196.00
195.00
195.00
195.00
195.00
194.00
194.00
194.00
192.00
191.00
191.00
189.00
188.00
188.00
185.00
185.00
185.00
182.00
182.00
181.00
180.00
180.00
179.00
179.00
179.00
179.00
178.00
178.00
175.00
174.00
173.00
172.00
172.00
172.00
171.00
171.00
168.00
168.00
168.00
167.00
166.00
166.00
165.00
165.00
165.00
165.00
164.00
164.00
163.00
163.00
162.00
160.00
159.00
159.00
159.00
158.00
158.00
157.00
154.00
153.00
153.00
151.00
151.00
149.00
148.00
148.00
147.00
147.00
146.00
146.00
146.00
145.00
144.00
144.00
143.00
141.00
141.00
141.00
141.00
140.00
140.00
139.00
139.00
139.00
139.00
138.00
138.00
136.00
136.00
136.00
136.00
136.00
135.00
134.00
134.00
133.00
132.00
131.00
131.00
129.00
127.00
127.00
127.00
126.00
125.00
124.00
124.00
120.00
120.00
119.00
117.00
117.00
116.00
116.00
115.00
115.00
115.00
114.00
113.00
111.00
111.00
110.00
109.00
109.00
108.00
108.00
108.00
107.00
106.00
106.00
106.00
105.00
105.00
101.00
99.00
99.00
98.00
96.00
96.00
96.00
95.00
94.00
92.00
91.00
91.00
90.00
89.00
88.00
88.00
88.00
87.00
86.00
85.00
83.00
83.00
83.00
82.00
82.00
81.00
78.00
77.00
77.00
77.00
75.00
74.00
73.00
73.00
73.00
73.00
73.00
73.00
72.00
70.00
69.00
65.00
63.00
62.00
62.00
60.00
60.00
59.00
57.00
57.00
57.00
57.00
57.00
56.00
56.00
54.00
54.00
54.00
53.00
52.00
51.00
50.00
48.00
48.00
47.00
47.00
46.00
46.00
45.00
45.00
44.00
44.00
44.00
44.00
44.00
43.00
43.00
43.00
42.00
41.00
40.00
40.00
39.00
39.00
39.00
38.00
38.00
38.00
37.00
34.00
33.00
33.00
33.00
32.00
32.00
31.00
30.00
30.00
29.00
28.00
28.00
28.00
28.00
28.00
25.00
23.00
22.00
22.00
22.00
