//Number of items      
500
//Bin Capacity         
1000.00
//Known Best Solution  
99
//Weight of Item		  
378.00
378.00
377.00
377.00
377.00
374.00
374.00
373.00
372.00
372.00
371.00
371.00
370.00
369.00
368.00
366.00
366.00
365.00
364.00
364.00
363.00
363.00
362.00
361.00
358.00
357.00
357.00
357.00
356.00
356.00
355.00
355.00
351.00
351.00
349.00
348.00
345.00
345.00
344.00
344.00
340.00
339.00
338.00
338.00
337.00
336.00
335.00
335.00
334.00
332.00
332.00
331.00
330.00
329.00
329.00
329.00
327.00
327.00
326.00
325.00
324.00
323.00
323.00
321.00
321.00
321.00
320.00
318.00
318.00
318.00
317.00
316.00
315.00
315.00
315.00
314.00
314.00
313.00
312.00
312.00
311.00
311.00
310.00
308.00
306.00
306.00
305.00
304.00
304.00
303.00
303.00
301.00
301.00
299.00
298.00
298.00
296.00
295.00
295.00
294.00
292.00
291.00
289.00
288.00
287.00
286.00
286.00
285.00
285.00
284.00
284.00
283.00
282.00
282.00
282.00
282.00
282.00
282.00
280.00
279.00
279.00
279.00
278.00
278.00
278.00
277.00
277.00
276.00
276.00
274.00
274.00
273.00
272.00
272.00
271.00
271.00
271.00
271.00
269.00
267.00
267.00
265.00
264.00
264.00
264.00
263.00
263.00
263.00
262.00
262.00
261.00
261.00
259.00
258.00
257.00
255.00
255.00
254.00
252.00
251.00
251.00
250.00
250.00
250.00
249.00
248.00
247.00
247.00
246.00
245.00
245.00
243.00
243.00
242.00
241.00
240.00
240.00
240.00
238.00
237.00
236.00
236.00
235.00
235.00
234.00
233.00
231.00
231.00
230.00
230.00
229.00
228.00
227.00
227.00
227.00
226.00
225.00
225.00
224.00
223.00
223.00
222.00
222.00
222.00
222.00
221.00
220.00
219.00
219.00
218.00
218.00
217.00
216.00
215.00
215.00
215.00
214.00
212.00
212.00
211.00
211.00
210.00
209.00
209.00
209.00
208.00
206.00
206.00
206.00
204.00
203.00
202.00
202.00
202.00
201.00
200.00
200.00
200.00
200.00
200.00
198.00
198.00
198.00
197.00
196.00
195.00
194.00
194.00
192.00
191.00
190.00
189.00
189.00
188.00
188.00
188.00
187.00
186.00
186.00
186.00
185.00
185.00
185.00
185.00
184.00
183.00
182.00
182.00
182.00
181.00
181.00
180.00
179.00
179.00
179.00
177.00
177.00
177.00
177.00
176.00
174.00
174.00
174.00
174.00
173.00
173.00
173.00
172.00
172.00
170.00
168.00
168.00
167.00
165.00
165.00
164.00
164.00
163.00
163.00
163.00
162.00
160.00
160.00
159.00
159.00
158.00
157.00
156.00
156.00
156.00
155.00
155.00
155.00
155.00
154.00
154.00
153.00
153.00
152.00
152.00
151.00
150.00
149.00
149.00
148.00
148.00
147.00
147.00
147.00
147.00
146.00
146.00
144.00
144.00
143.00
143.00
143.00
141.00
140.00
139.00
139.00
139.00
138.00
138.00
138.00
136.00
136.00
135.00
135.00
135.00
133.00
133.00
132.00
132.00
132.00
131.00
130.00
130.00
129.00
128.00
126.00
126.00
124.00
124.00
124.00
123.00
123.00
120.00
120.00
119.00
119.00
118.00
118.00
118.00
117.00
116.00
115.00
115.00
113.00
112.00
111.00
111.00
111.00
110.00
110.00
110.00
110.00
109.00
108.00
108.00
108.00
108.00
107.00
107.00
105.00
105.00
105.00
104.00
103.00
103.00
103.00
102.00
101.00
101.00
100.00
100.00
97.00
97.00
96.00
96.00
95.00
95.00
95.00
95.00
95.00
94.00
90.00
88.00
88.00
87.00
86.00
86.00
86.00
85.00
85.00
85.00
84.00
83.00
81.00
81.00
81.00
79.00
79.00
76.00
76.00
76.00
74.00
74.00
73.00
72.00
72.00
72.00
72.00
71.00
70.00
68.00
67.00
66.00
65.00
65.00
63.00
61.00
59.00
58.00
58.00
58.00
57.00
56.00
55.00
55.00
55.00
54.00
54.00
52.00
51.00
50.00
50.00
49.00
47.00
47.00
46.00
46.00
43.00
42.00
42.00
42.00
41.00
41.00
41.00
41.00
39.00
39.00
39.00
36.00
33.00
33.00
31.00
31.00
29.00
29.00
28.00
27.00
27.00
27.00
26.00
25.00
25.00
23.00
23.00
22.00
