//Number of items      
500
//Bin Capacity         
1000.00
//Known Best Solution  
100
//Weight of Item		  
380.00
380.00
379.00
378.00
378.00
378.00
377.00
376.00
374.00
374.00
372.00
372.00
372.00
371.00
370.00
370.00
369.00
368.00
368.00
368.00
367.00
366.00
366.00
365.00
362.00
361.00
361.00
360.00
359.00
359.00
358.00
356.00
356.00
355.00
355.00
355.00
355.00
353.00
353.00
352.00
351.00
351.00
350.00
350.00
349.00
349.00
348.00
348.00
348.00
348.00
347.00
347.00
346.00
345.00
344.00
344.00
343.00
343.00
343.00
342.00
341.00
341.00
339.00
339.00
339.00
339.00
336.00
335.00
334.00
331.00
329.00
329.00
329.00
329.00
328.00
328.00
328.00
325.00
325.00
325.00
325.00
322.00
322.00
321.00
321.00
320.00
320.00
320.00
319.00
318.00
318.00
318.00
317.00
316.00
316.00
315.00
315.00
315.00
314.00
314.00
313.00
313.00
312.00
312.00
312.00
311.00
310.00
309.00
308.00
307.00
307.00
307.00
306.00
304.00
301.00
300.00
300.00
299.00
299.00
298.00
298.00
297.00
296.00
295.00
295.00
295.00
295.00
295.00
295.00
293.00
293.00
293.00
292.00
291.00
289.00
288.00
285.00
284.00
280.00
278.00
277.00
276.00
275.00
274.00
274.00
273.00
273.00
273.00
273.00
272.00
272.00
269.00
269.00
268.00
268.00
267.00
267.00
264.00
264.00
264.00
264.00
262.00
260.00
260.00
260.00
258.00
258.00
257.00
257.00
256.00
255.00
254.00
253.00
253.00
253.00
252.00
252.00
251.00
251.00
250.00
249.00
249.00
248.00
246.00
245.00
244.00
243.00
243.00
243.00
242.00
242.00
241.00
241.00
241.00
241.00
239.00
238.00
238.00
237.00
237.00
237.00
234.00
234.00
231.00
230.00
229.00
228.00
228.00
227.00
227.00
226.00
226.00
226.00
226.00
225.00
225.00
224.00
224.00
224.00
224.00
221.00
221.00
219.00
219.00
219.00
219.00
218.00
218.00
215.00
215.00
214.00
214.00
212.00
212.00
210.00
209.00
208.00
208.00
207.00
205.00
204.00
203.00
201.00
200.00
198.00
198.00
198.00
198.00
197.00
197.00
197.00
196.00
196.00
195.00
194.00
193.00
192.00
191.00
188.00
187.00
187.00
186.00
185.00
185.00
185.00
185.00
184.00
184.00
183.00
183.00
183.00
181.00
181.00
181.00
180.00
180.00
180.00
179.00
179.00
178.00
177.00
177.00
176.00
175.00
173.00
173.00
173.00
173.00
171.00
171.00
170.00
168.00
168.00
168.00
168.00
162.00
161.00
159.00
158.00
158.00
158.00
157.00
157.00
156.00
155.00
154.00
154.00
154.00
153.00
152.00
152.00
151.00
151.00
148.00
148.00
148.00
147.00
146.00
144.00
144.00
144.00
143.00
142.00
140.00
138.00
138.00
138.00
137.00
137.00
136.00
136.00
136.00
135.00
134.00
133.00
133.00
133.00
132.00
132.00
132.00
131.00
129.00
129.00
128.00
128.00
127.00
126.00
124.00
123.00
123.00
122.00
122.00
120.00
120.00
120.00
120.00
120.00
118.00
118.00
118.00
117.00
117.00
117.00
117.00
116.00
115.00
115.00
115.00
114.00
114.00
113.00
110.00
110.00
109.00
108.00
107.00
106.00
106.00
106.00
104.00
103.00
102.00
102.00
101.00
100.00
97.00
97.00
96.00
96.00
95.00
95.00
91.00
90.00
90.00
89.00
89.00
88.00
88.00
87.00
86.00
86.00
85.00
85.00
84.00
84.00
84.00
84.00
83.00
83.00
83.00
81.00
81.00
81.00
80.00
79.00
78.00
77.00
77.00
77.00
76.00
73.00
73.00
71.00
71.00
70.00
70.00
70.00
69.00
68.00
68.00
67.00
66.00
65.00
65.00
62.00
61.00
61.00
61.00
59.00
59.00
59.00
59.00
57.00
57.00
56.00
54.00
54.00
54.00
54.00
53.00
53.00
53.00
52.00
51.00
50.00
50.00
50.00
49.00
48.00
48.00
48.00
48.00
47.00
45.00
44.00
42.00
41.00
41.00
41.00
41.00
38.00
38.00
38.00
37.00
34.00
33.00
32.00
31.00
31.00
31.00
31.00
31.00
30.00
30.00
29.00
28.00
28.00
28.00
27.00
26.00
26.00
26.00
26.00
26.00
25.00
24.00
23.00
23.00
22.00
22.00
