//Number of items      
500
//Bin Capacity         
1000.00
//Known Best Solution  
100
//Weight of Item		  
300.00
299.00
298.00
296.00
296.00
295.00
295.00
295.00
295.00
293.00
292.00
292.00
292.00
291.00
291.00
290.00
290.00
288.00
288.00
288.00
288.00
288.00
288.00
287.00
287.00
286.00
286.00
286.00
285.00
285.00
284.00
284.00
284.00
283.00
282.00
281.00
281.00
280.00
280.00
280.00
279.00
279.00
279.00
278.00
278.00
278.00
278.00
278.00
277.00
277.00
276.00
274.00
274.00
274.00
273.00
273.00
273.00
272.00
271.00
271.00
270.00
269.00
269.00
268.00
267.00
267.00
267.00
267.00
266.00
266.00
265.00
265.00
265.00
265.00
264.00
264.00
264.00
263.00
263.00
262.00
262.00
261.00
261.00
261.00
260.00
259.00
259.00
259.00
258.00
258.00
257.00
257.00
257.00
257.00
256.00
256.00
255.00
254.00
254.00
254.00
254.00
254.00
254.00
254.00
253.00
253.00
252.00
251.00
251.00
251.00
251.00
251.00
250.00
250.00
249.00
249.00
249.00
248.00
248.00
248.00
247.00
247.00
246.00
246.00
246.00
245.00
245.00
244.00
244.00
244.00
244.00
241.00
241.00
241.00
240.00
240.00
240.00
239.00
239.00
239.00
239.00
239.00
239.00
238.00
238.00
238.00
238.00
238.00
237.00
236.00
236.00
236.00
236.00
235.00
235.00
235.00
235.00
235.00
233.00
233.00
232.00
232.00
232.00
230.00
230.00
230.00
229.00
229.00
228.00
227.00
227.00
226.00
226.00
226.00
225.00
224.00
223.00
223.00
223.00
223.00
222.00
222.00
221.00
221.00
221.00
220.00
220.00
220.00
220.00
220.00
219.00
219.00
219.00
219.00
218.00
218.00
218.00
217.00
216.00
216.00
216.00
216.00
215.00
215.00
214.00
213.00
213.00
213.00
212.00
212.00
212.00
211.00
211.00
211.00
211.00
210.00
210.00
209.00
209.00
209.00
209.00
209.00
208.00
208.00
208.00
208.00
208.00
207.00
207.00
207.00
206.00
206.00
205.00
205.00
204.00
204.00
203.00
202.00
202.00
201.00
201.00
201.00
201.00
201.00
200.00
199.00
199.00
198.00
196.00
196.00
196.00
195.00
195.00
195.00
195.00
194.00
194.00
193.00
193.00
193.00
192.00
192.00
191.00
191.00
191.00
190.00
190.00
189.00
188.00
188.00
188.00
188.00
187.00
186.00
185.00
185.00
185.00
184.00
184.00
184.00
183.00
183.00
183.00
182.00
182.00
182.00
181.00
181.00
181.00
180.00
180.00
180.00
179.00
178.00
178.00
178.00
178.00
177.00
177.00
177.00
177.00
177.00
177.00
176.00
176.00
176.00
176.00
176.00
175.00
175.00
175.00
174.00
174.00
173.00
173.00
173.00
172.00
172.00
171.00
171.00
171.00
169.00
169.00
169.00
168.00
168.00
168.00
168.00
168.00
168.00
167.00
167.00
167.00
166.00
166.00
165.00
165.00
165.00
165.00
164.00
164.00
164.00
164.00
164.00
163.00
163.00
162.00
162.00
161.00
161.00
161.00
160.00
160.00
159.00
159.00
159.00
159.00
159.00
159.00
158.00
157.00
157.00
156.00
156.00
156.00
156.00
156.00
155.00
155.00
155.00
154.00
153.00
153.00
153.00
153.00
152.00
152.00
152.00
152.00
151.00
151.00
151.00
150.00
149.00
149.00
149.00
149.00
149.00
148.00
148.00
148.00
147.00
147.00
146.00
146.00
146.00
145.00
145.00
145.00
145.00
145.00
145.00
144.00
144.00
143.00
143.00
143.00
142.00
141.00
141.00
141.00
140.00
140.00
140.00
140.00
139.00
139.00
139.00
138.00
137.00
137.00
137.00
136.00
135.00
135.00
135.00
135.00
134.00
134.00
134.00
134.00
132.00
132.00
131.00
131.00
131.00
130.00
128.00
128.00
127.00
127.00
127.00
127.00
126.00
126.00
126.00
125.00
125.00
124.00
124.00
123.00
122.00
122.00
121.00
121.00
119.00
118.00
118.00
118.00
117.00
117.00
116.00
116.00
116.00
116.00
115.00
115.00
114.00
113.00
113.00
113.00
113.00
112.00
111.00
111.00
111.00
111.00
111.00
110.00
109.00
109.00
109.00
108.00
108.00
108.00
108.00
107.00
106.00
106.00
106.00
106.00
106.00
105.00
105.00
104.00
104.00
104.00
103.00
102.00
102.00
