//Number of items      
500
//Bin Capacity         
1000.00
//Known Best Solution  
100
//Weight of Item		  
380.00
380.00
380.00
379.00
379.00
378.00
377.00
377.00
376.00
376.00
374.00
373.00
372.00
371.00
370.00
368.00
368.00
368.00
367.00
367.00
367.00
367.00
366.00
365.00
363.00
362.00
361.00
361.00
360.00
360.00
359.00
359.00
359.00
358.00
358.00
357.00
357.00
356.00
355.00
354.00
354.00
354.00
353.00
353.00
353.00
351.00
351.00
350.00
348.00
346.00
344.00
343.00
343.00
342.00
341.00
341.00
341.00
341.00
340.00
339.00
339.00
338.00
338.00
338.00
337.00
335.00
334.00
332.00
331.00
331.00
329.00
329.00
325.00
325.00
324.00
320.00
319.00
318.00
318.00
318.00
318.00
318.00
316.00
316.00
315.00
312.00
312.00
311.00
308.00
308.00
307.00
306.00
306.00
305.00
304.00
304.00
304.00
304.00
303.00
302.00
301.00
300.00
300.00
299.00
299.00
298.00
298.00
297.00
297.00
296.00
295.00
294.00
294.00
292.00
292.00
291.00
291.00
291.00
291.00
291.00
290.00
289.00
289.00
287.00
287.00
286.00
286.00
286.00
286.00
284.00
284.00
283.00
282.00
282.00
281.00
280.00
279.00
279.00
278.00
278.00
277.00
274.00
272.00
271.00
271.00
269.00
267.00
267.00
267.00
266.00
265.00
265.00
265.00
265.00
264.00
264.00
262.00
262.00
262.00
261.00
261.00
260.00
260.00
260.00
259.00
259.00
259.00
258.00
257.00
257.00
257.00
256.00
256.00
255.00
255.00
255.00
255.00
254.00
254.00
251.00
251.00
250.00
248.00
248.00
248.00
243.00
240.00
240.00
240.00
239.00
239.00
237.00
235.00
235.00
233.00
233.00
231.00
231.00
230.00
229.00
229.00
228.00
228.00
227.00
225.00
225.00
223.00
223.00
222.00
221.00
219.00
218.00
218.00
218.00
217.00
217.00
215.00
215.00
213.00
213.00
212.00
211.00
211.00
210.00
210.00
208.00
207.00
207.00
206.00
206.00
206.00
205.00
205.00
203.00
201.00
200.00
200.00
200.00
199.00
199.00
198.00
198.00
197.00
197.00
197.00
196.00
196.00
196.00
195.00
195.00
194.00
194.00
193.00
191.00
191.00
191.00
189.00
188.00
188.00
187.00
187.00
186.00
186.00
186.00
185.00
185.00
185.00
185.00
184.00
183.00
181.00
181.00
180.00
180.00
179.00
177.00
177.00
176.00
176.00
175.00
175.00
174.00
172.00
172.00
172.00
171.00
171.00
171.00
171.00
170.00
170.00
169.00
168.00
167.00
167.00
166.00
164.00
163.00
162.00
161.00
159.00
158.00
157.00
157.00
157.00
155.00
154.00
153.00
152.00
152.00
152.00
151.00
151.00
150.00
150.00
148.00
148.00
147.00
147.00
146.00
146.00
144.00
144.00
144.00
144.00
143.00
143.00
143.00
142.00
142.00
141.00
141.00
140.00
140.00
139.00
138.00
137.00
137.00
137.00
136.00
135.00
135.00
135.00
135.00
134.00
133.00
132.00
130.00
130.00
130.00
129.00
129.00
129.00
127.00
125.00
124.00
124.00
124.00
124.00
123.00
123.00
122.00
122.00
122.00
120.00
120.00
119.00
117.00
117.00
116.00
115.00
115.00
114.00
112.00
110.00
109.00
109.00
108.00
107.00
105.00
105.00
105.00
105.00
104.00
103.00
103.00
103.00
102.00
102.00
101.00
101.00
100.00
100.00
100.00
99.00
99.00
98.00
98.00
98.00
97.00
96.00
96.00
93.00
93.00
93.00
92.00
92.00
92.00
90.00
88.00
88.00
87.00
86.00
85.00
85.00
84.00
84.00
83.00
82.00
80.00
80.00
79.00
76.00
75.00
75.00
74.00
74.00
73.00
73.00
72.00
71.00
71.00
70.00
70.00
69.00
68.00
68.00
66.00
65.00
65.00
63.00
63.00
62.00
62.00
62.00
62.00
62.00
60.00
60.00
58.00
58.00
57.00
57.00
56.00
56.00
55.00
53.00
52.00
52.00
51.00
51.00
50.00
49.00
48.00
47.00
47.00
46.00
46.00
44.00
44.00
44.00
42.00
41.00
41.00
41.00
41.00
40.00
39.00
37.00
36.00
36.00
36.00
36.00
36.00
36.00
35.00
35.00
33.00
32.00
31.00
30.00
29.00
29.00
28.00
27.00
26.00
26.00
24.00
23.00
23.00
