//Number of items      
500
//Bin Capacity         
1000.00
//Known Best Solution  
101
//Weight of Item		  
380.00
380.00
380.00
379.00
379.00
379.00
379.00
378.00
378.00
378.00
377.00
376.00
376.00
376.00
374.00
372.00
372.00
372.00
370.00
370.00
369.00
368.00
368.00
367.00
366.00
366.00
366.00
366.00
365.00
365.00
365.00
364.00
364.00
363.00
361.00
361.00
361.00
360.00
358.00
358.00
358.00
357.00
356.00
356.00
356.00
356.00
355.00
354.00
353.00
351.00
351.00
350.00
350.00
349.00
349.00
349.00
348.00
343.00
342.00
342.00
340.00
340.00
339.00
337.00
337.00
336.00
336.00
336.00
334.00
334.00
333.00
332.00
331.00
330.00
330.00
330.00
328.00
328.00
327.00
326.00
325.00
324.00
324.00
322.00
322.00
322.00
321.00
321.00
320.00
320.00
320.00
320.00
319.00
319.00
318.00
318.00
316.00
315.00
313.00
312.00
311.00
310.00
310.00
310.00
309.00
308.00
308.00
308.00
308.00
307.00
305.00
305.00
305.00
305.00
305.00
304.00
303.00
303.00
302.00
301.00
300.00
297.00
297.00
297.00
296.00
294.00
294.00
291.00
291.00
290.00
290.00
290.00
289.00
289.00
288.00
288.00
287.00
287.00
284.00
284.00
283.00
283.00
282.00
282.00
280.00
280.00
280.00
279.00
279.00
279.00
278.00
277.00
277.00
277.00
277.00
277.00
276.00
275.00
275.00
272.00
270.00
269.00
268.00
268.00
268.00
267.00
267.00
267.00
266.00
266.00
265.00
263.00
261.00
258.00
258.00
257.00
257.00
256.00
253.00
252.00
252.00
250.00
250.00
249.00
249.00
248.00
247.00
246.00
246.00
245.00
245.00
244.00
244.00
242.00
242.00
241.00
241.00
241.00
241.00
239.00
239.00
237.00
235.00
234.00
233.00
233.00
228.00
228.00
226.00
226.00
226.00
225.00
224.00
224.00
223.00
223.00
222.00
221.00
221.00
221.00
220.00
219.00
218.00
218.00
218.00
217.00
217.00
216.00
215.00
214.00
213.00
213.00
213.00
212.00
210.00
209.00
208.00
208.00
207.00
207.00
206.00
205.00
203.00
202.00
201.00
201.00
201.00
200.00
198.00
196.00
193.00
193.00
193.00
192.00
191.00
191.00
190.00
189.00
188.00
187.00
187.00
185.00
184.00
183.00
183.00
182.00
181.00
181.00
181.00
181.00
180.00
179.00
178.00
178.00
178.00
175.00
175.00
175.00
174.00
174.00
174.00
174.00
173.00
173.00
173.00
172.00
172.00
172.00
170.00
170.00
169.00
169.00
167.00
167.00
166.00
166.00
166.00
166.00
165.00
164.00
164.00
164.00
163.00
162.00
162.00
162.00
161.00
161.00
160.00
159.00
157.00
157.00
157.00
156.00
156.00
154.00
153.00
151.00
151.00
149.00
149.00
149.00
148.00
147.00
147.00
147.00
147.00
146.00
143.00
143.00
141.00
140.00
139.00
138.00
138.00
138.00
136.00
136.00
134.00
131.00
131.00
129.00
128.00
128.00
128.00
127.00
125.00
124.00
124.00
123.00
122.00
122.00
121.00
121.00
120.00
120.00
119.00
117.00
115.00
114.00
113.00
113.00
113.00
112.00
112.00
112.00
110.00
110.00
108.00
108.00
108.00
107.00
106.00
105.00
104.00
104.00
104.00
103.00
101.00
100.00
100.00
100.00
100.00
99.00
98.00
98.00
95.00
95.00
94.00
94.00
94.00
94.00
93.00
93.00
92.00
92.00
92.00
92.00
92.00
92.00
91.00
90.00
89.00
89.00
87.00
87.00
85.00
84.00
84.00
83.00
82.00
81.00
79.00
78.00
78.00
78.00
77.00
76.00
75.00
75.00
74.00
72.00
71.00
71.00
71.00
70.00
69.00
68.00
67.00
66.00
66.00
66.00
66.00
65.00
64.00
63.00
63.00
63.00
62.00
61.00
61.00
61.00
60.00
59.00
59.00
58.00
57.00
57.00
56.00
54.00
53.00
52.00
52.00
52.00
52.00
51.00
51.00
50.00
50.00
48.00
48.00
46.00
46.00
45.00
44.00
44.00
43.00
43.00
39.00
39.00
39.00
38.00
38.00
37.00
36.00
35.00
35.00
34.00
34.00
33.00
33.00
32.00
32.00
31.00
31.00
30.00
30.00
30.00
27.00
27.00
27.00
26.00
25.00
25.00
25.00
24.00
24.00
23.00
23.00
22.00
