//Number of items      
500
//Bin Capacity         
1000.00
//Known Best Solution  
101
//Weight of Item		  
380.00
380.00
380.00
380.00
378.00
378.00
378.00
378.00
377.00
377.00
375.00
374.00
374.00
373.00
372.00
372.00
371.00
370.00
369.00
368.00
367.00
365.00
363.00
363.00
362.00
362.00
361.00
360.00
359.00
359.00
358.00
358.00
357.00
357.00
357.00
357.00
356.00
355.00
354.00
353.00
352.00
352.00
351.00
351.00
351.00
349.00
349.00
349.00
348.00
347.00
347.00
347.00
346.00
344.00
344.00
343.00
340.00
339.00
339.00
337.00
336.00
335.00
335.00
335.00
335.00
335.00
332.00
331.00
331.00
331.00
330.00
330.00
329.00
329.00
327.00
326.00
326.00
325.00
325.00
323.00
322.00
321.00
321.00
321.00
320.00
317.00
317.00
316.00
315.00
314.00
312.00
312.00
311.00
311.00
310.00
310.00
309.00
307.00
306.00
306.00
306.00
303.00
303.00
302.00
301.00
300.00
299.00
298.00
298.00
297.00
297.00
294.00
294.00
294.00
293.00
292.00
292.00
292.00
291.00
291.00
290.00
290.00
289.00
289.00
288.00
288.00
287.00
285.00
284.00
284.00
283.00
282.00
281.00
281.00
280.00
279.00
278.00
276.00
275.00
274.00
274.00
274.00
273.00
272.00
272.00
271.00
271.00
271.00
271.00
270.00
270.00
269.00
269.00
269.00
268.00
267.00
266.00
266.00
265.00
265.00
264.00
264.00
264.00
264.00
264.00
263.00
260.00
260.00
259.00
259.00
256.00
256.00
256.00
256.00
256.00
255.00
255.00
255.00
254.00
253.00
253.00
251.00
251.00
250.00
250.00
250.00
249.00
248.00
248.00
248.00
247.00
246.00
246.00
245.00
245.00
245.00
243.00
242.00
242.00
241.00
240.00
239.00
237.00
236.00
236.00
236.00
235.00
234.00
233.00
232.00
230.00
230.00
229.00
228.00
228.00
228.00
228.00
228.00
226.00
225.00
223.00
222.00
220.00
220.00
219.00
218.00
216.00
215.00
213.00
212.00
212.00
211.00
210.00
209.00
209.00
209.00
208.00
208.00
205.00
205.00
204.00
203.00
202.00
202.00
202.00
202.00
202.00
200.00
199.00
198.00
198.00
198.00
198.00
197.00
196.00
196.00
195.00
194.00
194.00
193.00
193.00
192.00
192.00
192.00
191.00
189.00
189.00
188.00
186.00
186.00
186.00
185.00
183.00
183.00
183.00
183.00
181.00
180.00
180.00
180.00
179.00
178.00
177.00
176.00
176.00
176.00
175.00
175.00
174.00
172.00
171.00
169.00
169.00
168.00
168.00
167.00
167.00
165.00
165.00
165.00
164.00
164.00
164.00
163.00
161.00
160.00
160.00
158.00
158.00
158.00
157.00
157.00
157.00
156.00
156.00
156.00
155.00
155.00
155.00
154.00
154.00
151.00
151.00
150.00
149.00
149.00
148.00
148.00
147.00
146.00
145.00
144.00
144.00
143.00
141.00
141.00
139.00
138.00
137.00
137.00
136.00
135.00
135.00
135.00
132.00
132.00
132.00
130.00
130.00
130.00
129.00
129.00
128.00
128.00
128.00
127.00
126.00
126.00
126.00
126.00
126.00
126.00
125.00
123.00
122.00
122.00
121.00
120.00
120.00
119.00
119.00
119.00
117.00
116.00
115.00
115.00
115.00
114.00
114.00
113.00
112.00
111.00
111.00
110.00
109.00
108.00
108.00
107.00
106.00
105.00
105.00
104.00
104.00
104.00
102.00
101.00
101.00
100.00
99.00
98.00
98.00
98.00
95.00
95.00
95.00
94.00
93.00
93.00
92.00
91.00
91.00
90.00
90.00
89.00
89.00
88.00
86.00
83.00
82.00
82.00
81.00
80.00
79.00
77.00
77.00
75.00
75.00
73.00
72.00
72.00
72.00
72.00
70.00
69.00
69.00
67.00
66.00
65.00
65.00
65.00
65.00
64.00
64.00
64.00
64.00
64.00
64.00
62.00
59.00
58.00
58.00
57.00
55.00
55.00
53.00
52.00
51.00
48.00
48.00
48.00
48.00
47.00
46.00
46.00
46.00
46.00
46.00
46.00
45.00
44.00
43.00
43.00
39.00
39.00
39.00
37.00
37.00
36.00
34.00
32.00
32.00
31.00
31.00
31.00
29.00
28.00
27.00
27.00
26.00
26.00
25.00
24.00
24.00
23.00
23.00
23.00
23.00
22.00
22.00
22.00
