//Number of items      
500
//Bin Capacity         
1000.00
//Known Best Solution  
71
//Weight of Item		  
266.00
265.00
265.00
265.00
265.00
263.00
263.00
262.00
261.00
261.00
260.00
259.00
259.00
257.00
257.00
257.00
255.00
255.00
255.00
255.00
255.00
254.00
254.00
253.00
252.00
252.00
251.00
251.00
251.00
251.00
248.00
247.00
247.00
246.00
246.00
246.00
246.00
246.00
245.00
244.00
243.00
242.00
242.00
242.00
242.00
241.00
240.00
239.00
239.00
239.00
237.00
237.00
237.00
237.00
237.00
237.00
237.00
236.00
236.00
235.00
235.00
235.00
235.00
235.00
234.00
234.00
232.00
232.00
232.00
232.00
230.00
230.00
230.00
230.00
229.00
229.00
229.00
229.00
228.00
228.00
227.00
227.00
227.00
226.00
225.00
224.00
224.00
224.00
223.00
223.00
223.00
223.00
223.00
223.00
222.00
220.00
220.00
219.00
219.00
219.00
218.00
218.00
218.00
218.00
217.00
216.00
216.00
216.00
215.00
215.00
214.00
213.00
213.00
212.00
211.00
211.00
210.00
210.00
209.00
209.00
209.00
208.00
205.00
205.00
204.00
204.00
203.00
203.00
201.00
201.00
201.00
200.00
199.00
198.00
198.00
198.00
197.00
197.00
197.00
196.00
196.00
195.00
195.00
193.00
193.00
192.00
192.00
191.00
191.00
191.00
191.00
191.00
190.00
190.00
187.00
187.00
187.00
187.00
186.00
186.00
185.00
185.00
185.00
184.00
184.00
183.00
183.00
182.00
182.00
182.00
182.00
181.00
181.00
180.00
180.00
180.00
179.00
178.00
178.00
177.00
176.00
176.00
174.00
174.00
174.00
173.00
173.00
172.00
172.00
172.00
171.00
171.00
171.00
170.00
170.00
169.00
168.00
166.00
166.00
166.00
166.00
166.00
165.00
165.00
165.00
165.00
165.00
164.00
163.00
163.00
162.00
162.00
161.00
161.00
160.00
160.00
159.00
159.00
159.00
158.00
157.00
157.00
157.00
156.00
156.00
156.00
155.00
155.00
155.00
155.00
155.00
154.00
154.00
153.00
153.00
152.00
150.00
150.00
149.00
148.00
148.00
147.00
146.00
146.00
146.00
144.00
143.00
143.00
143.00
143.00
143.00
142.00
141.00
141.00
141.00
141.00
140.00
140.00
140.00
139.00
136.00
136.00
135.00
134.00
132.00
131.00
131.00
131.00
130.00
130.00
130.00
130.00
129.00
129.00
129.00
129.00
128.00
127.00
126.00
125.00
123.00
122.00
122.00
121.00
121.00
121.00
120.00
120.00
119.00
119.00
119.00
118.00
118.00
117.00
117.00
116.00
115.00
114.00
114.00
113.00
113.00
113.00
112.00
112.00
111.00
111.00
111.00
110.00
110.00
110.00
110.00
109.00
109.00
109.00
108.00
108.00
107.00
107.00
107.00
106.00
105.00
105.00
105.00
105.00
104.00
101.00
100.00
100.00
100.00
100.00
99.00
99.00
99.00
98.00
97.00
95.00
95.00
95.00
94.00
93.00
92.00
92.00
92.00
92.00
91.00
91.00
90.00
90.00
89.00
88.00
88.00
87.00
87.00
87.00
87.00
87.00
86.00
86.00
86.00
85.00
85.00
83.00
83.00
83.00
83.00
82.00
82.00
82.00
80.00
80.00
79.00
79.00
78.00
78.00
78.00
78.00
77.00
77.00
77.00
76.00
76.00
76.00
75.00
75.00
75.00
74.00
74.00
73.00
72.00
72.00
71.00
71.00
71.00
71.00
70.00
70.00
69.00
69.00
68.00
67.00
65.00
65.00
65.00
64.00
63.00
62.00
62.00
62.00
61.00
61.00
61.00
60.00
59.00
59.00
59.00
59.00
58.00
58.00
58.00
58.00
57.00
56.00
56.00
55.00
55.00
54.00
53.00
53.00
53.00
52.00
52.00
52.00
51.00
51.00
50.00
50.00
50.00
50.00
49.00
46.00
46.00
46.00
45.00
45.00
45.00
43.00
43.00
43.00
41.00
40.00
40.00
38.00
37.00
37.00
37.00
37.00
36.00
35.00
33.00
33.00
32.00
32.00
32.00
32.00
32.00
32.00
32.00
32.00
31.00
31.00
31.00
30.00
30.00
29.00
28.00
27.00
26.00
26.00
26.00
26.00
24.00
24.00
23.00
22.00
22.00
21.00
21.00
21.00
21.00
20.00
20.00
20.00
19.00
19.00
19.00
19.00
18.00
17.00
17.00
16.00
