//Number of items      
500
//Bin Capacity         
1000.00
//Known Best Solution  
71
//Weight of Item		  
168.00
168.00
168.00
168.00
168.00
168.00
168.00
168.00
168.00
168.00
168.00
167.00
167.00
167.00
167.00
167.00
167.00
167.00
167.00
166.00
166.00
166.00
166.00
166.00
166.00
166.00
166.00
166.00
166.00
166.00
166.00
166.00
166.00
165.00
165.00
165.00
165.00
165.00
165.00
165.00
165.00
165.00
164.00
164.00
164.00
164.00
164.00
164.00
164.00
163.00
163.00
163.00
163.00
163.00
163.00
163.00
163.00
163.00
163.00
163.00
163.00
162.00
162.00
162.00
162.00
162.00
162.00
162.00
162.00
161.00
161.00
161.00
161.00
161.00
161.00
161.00
161.00
161.00
161.00
161.00
161.00
160.00
160.00
160.00
160.00
160.00
160.00
160.00
159.00
159.00
159.00
159.00
159.00
159.00
159.00
159.00
158.00
158.00
158.00
158.00
158.00
158.00
158.00
157.00
157.00
157.00
157.00
157.00
156.00
156.00
156.00
156.00
156.00
156.00
156.00
155.00
155.00
155.00
155.00
155.00
155.00
154.00
154.00
154.00
154.00
154.00
154.00
154.00
154.00
154.00
154.00
153.00
153.00
153.00
153.00
153.00
153.00
153.00
153.00
153.00
153.00
153.00
153.00
153.00
152.00
152.00
152.00
152.00
152.00
152.00
152.00
152.00
151.00
151.00
151.00
151.00
151.00
151.00
151.00
151.00
151.00
151.00
151.00
150.00
150.00
150.00
150.00
150.00
150.00
150.00
150.00
150.00
149.00
149.00
149.00
149.00
149.00
149.00
149.00
149.00
149.00
149.00
148.00
148.00
148.00
148.00
148.00
148.00
148.00
148.00
148.00
148.00
148.00
148.00
147.00
147.00
147.00
147.00
147.00
147.00
147.00
146.00
146.00
146.00
146.00
146.00
146.00
146.00
146.00
146.00
145.00
145.00
145.00
145.00
145.00
145.00
145.00
145.00
144.00
144.00
144.00
144.00
144.00
144.00
144.00
143.00
143.00
143.00
143.00
143.00
143.00
143.00
143.00
143.00
143.00
143.00
143.00
142.00
142.00
142.00
142.00
142.00
142.00
142.00
141.00
141.00
141.00
141.00
141.00
141.00
141.00
140.00
140.00
140.00
140.00
140.00
140.00
140.00
140.00
140.00
139.00
139.00
139.00
139.00
139.00
139.00
139.00
138.00
138.00
138.00
138.00
138.00
138.00
137.00
137.00
137.00
137.00
137.00
137.00
137.00
136.00
136.00
136.00
136.00
136.00
135.00
135.00
135.00
135.00
134.00
134.00
134.00
134.00
134.00
134.00
134.00
134.00
134.00
133.00
133.00
133.00
133.00
133.00
133.00
133.00
133.00
133.00
133.00
133.00
133.00
133.00
132.00
132.00
132.00
132.00
132.00
132.00
132.00
131.00
131.00
131.00
131.00
131.00
131.00
130.00
130.00
130.00
130.00
130.00
130.00
130.00
130.00
130.00
129.00
129.00
129.00
129.00
129.00
129.00
128.00
128.00
128.00
128.00
128.00
128.00
128.00
128.00
128.00
127.00
127.00
127.00
127.00
127.00
127.00
127.00
127.00
127.00
127.00
127.00
127.00
127.00
126.00
126.00
126.00
126.00
126.00
126.00
125.00
125.00
125.00
125.00
125.00
125.00
125.00
125.00
125.00
125.00
124.00
124.00
124.00
124.00
124.00
124.00
124.00
124.00
124.00
123.00
123.00
123.00
123.00
123.00
123.00
123.00
122.00
122.00
122.00
122.00
122.00
122.00
122.00
122.00
122.00
122.00
121.00
121.00
121.00
121.00
121.00
121.00
121.00
121.00
121.00
121.00
121.00
121.00
120.00
120.00
120.00
120.00
120.00
120.00
120.00
120.00
120.00
119.00
119.00
119.00
119.00
119.00
119.00
119.00
119.00
119.00
119.00
119.00
118.00
118.00
118.00
118.00
118.00
118.00
118.00
118.00
118.00
118.00
118.00
118.00
118.00
118.00
118.00
117.00
117.00
117.00
117.00
117.00
117.00
117.00
117.00
117.00
116.00
116.00
116.00
116.00
116.00
116.00
116.00
116.00
116.00
116.00
116.00
116.00
116.00
116.00
116.00
115.00
115.00
115.00
115.00
115.00
115.00
115.00
115.00
115.00
115.00
115.00
115.00
114.00
114.00
114.00
114.00
114.00
114.00
114.00
114.00
114.00
114.00
114.00
114.00
114.00
114.00
