//Number of items      
500
//Bin Capacity         
1000.00
//Known Best Solution  
56
//Weight of Item		  
132.00
132.00
132.00
132.00
132.00
132.00
132.00
132.00
132.00
132.00
132.00
132.00
132.00
131.00
131.00
131.00
131.00
131.00
131.00
131.00
130.00
130.00
130.00
130.00
130.00
130.00
130.00
130.00
130.00
130.00
130.00
129.00
129.00
129.00
129.00
129.00
129.00
129.00
129.00
129.00
129.00
129.00
129.00
129.00
129.00
129.00
129.00
129.00
129.00
128.00
128.00
128.00
128.00
128.00
128.00
128.00
128.00
128.00
128.00
128.00
128.00
128.00
127.00
127.00
127.00
127.00
127.00
127.00
127.00
127.00
127.00
127.00
127.00
126.00
126.00
126.00
126.00
126.00
126.00
126.00
126.00
126.00
126.00
125.00
125.00
125.00
125.00
125.00
125.00
125.00
125.00
125.00
125.00
125.00
125.00
125.00
125.00
124.00
124.00
124.00
124.00
124.00
124.00
124.00
124.00
124.00
124.00
124.00
124.00
123.00
123.00
123.00
123.00
123.00
123.00
123.00
123.00
123.00
123.00
123.00
123.00
123.00
123.00
123.00
123.00
122.00
122.00
122.00
122.00
122.00
122.00
122.00
122.00
122.00
122.00
122.00
122.00
122.00
122.00
121.00
121.00
121.00
121.00
121.00
121.00
121.00
121.00
121.00
120.00
120.00
120.00
120.00
120.00
120.00
120.00
120.00
120.00
120.00
119.00
119.00
119.00
119.00
119.00
119.00
119.00
119.00
119.00
119.00
119.00
118.00
118.00
118.00
118.00
118.00
118.00
118.00
118.00
118.00
118.00
118.00
118.00
117.00
117.00
117.00
117.00
117.00
117.00
117.00
117.00
117.00
116.00
116.00
116.00
116.00
116.00
115.00
115.00
115.00
115.00
115.00
115.00
115.00
115.00
115.00
114.00
114.00
114.00
114.00
114.00
114.00
114.00
114.00
114.00
114.00
114.00
114.00
114.00
114.00
113.00
113.00
113.00
113.00
113.00
113.00
113.00
113.00
113.00
113.00
113.00
113.00
113.00
112.00
112.00
112.00
112.00
112.00
112.00
112.00
112.00
112.00
112.00
112.00
112.00
112.00
111.00
111.00
111.00
111.00
111.00
111.00
111.00
111.00
111.00
111.00
111.00
111.00
111.00
111.00
111.00
111.00
111.00
110.00
110.00
110.00
110.00
110.00
110.00
110.00
110.00
110.00
110.00
110.00
109.00
109.00
109.00
109.00
109.00
109.00
109.00
109.00
109.00
108.00
108.00
108.00
108.00
108.00
108.00
108.00
108.00
108.00
108.00
107.00
107.00
107.00
107.00
107.00
107.00
107.00
107.00
107.00
107.00
106.00
106.00
106.00
106.00
106.00
106.00
106.00
106.00
106.00
106.00
106.00
106.00
106.00
106.00
106.00
106.00
105.00
105.00
105.00
105.00
105.00
105.00
105.00
105.00
104.00
104.00
104.00
104.00
104.00
104.00
104.00
104.00
104.00
104.00
104.00
104.00
104.00
104.00
103.00
103.00
103.00
103.00
103.00
103.00
103.00
103.00
103.00
103.00
103.00
103.00
102.00
102.00
102.00
102.00
102.00
102.00
102.00
102.00
102.00
102.00
102.00
102.00
102.00
101.00
101.00
101.00
101.00
101.00
101.00
101.00
101.00
101.00
101.00
101.00
101.00
101.00
101.00
100.00
100.00
100.00
100.00
100.00
100.00
100.00
100.00
100.00
100.00
100.00
100.00
100.00
100.00
100.00
99.00
99.00
99.00
99.00
99.00
99.00
99.00
99.00
99.00
99.00
99.00
99.00
99.00
99.00
98.00
98.00
98.00
98.00
98.00
98.00
98.00
98.00
97.00
97.00
97.00
97.00
97.00
97.00
97.00
97.00
97.00
97.00
96.00
96.00
96.00
96.00
96.00
96.00
96.00
96.00
96.00
96.00
96.00
95.00
95.00
95.00
95.00
95.00
95.00
95.00
95.00
95.00
95.00
94.00
94.00
94.00
94.00
94.00
94.00
94.00
94.00
94.00
94.00
93.00
93.00
93.00
93.00
93.00
93.00
93.00
93.00
93.00
93.00
93.00
93.00
93.00
93.00
92.00
92.00
92.00
92.00
92.00
92.00
92.00
92.00
92.00
91.00
91.00
91.00
91.00
91.00
91.00
91.00
91.00
91.00
91.00
90.00
90.00
90.00
90.00
90.00
90.00
90.00
90.00
90.00
90.00
90.00
