//Number of items      
120
//Bin Capacity         
100.00
//Known Best Solution  
40
//Weight of Item		  
41.60
25.40
33.00
39.90
28.20
31.90
42.20
27.40
30.40
44.70
25.70
29.60
45.60
25.60
28.80
45.30
26.20
28.50
49.60
25.10
25.30
39.60
28.50
31.90
43.20
27.90
28.90
47.60
25.70
26.70
44.90
27.10
28.00
48.90
25.20
25.90
45.40
25.40
29.20
47.40
25.70
26.90
39.70
27.90
32.40
41.40
27.90
30.70
49.50
25.10
25.40
38.40
29.40
32.20
35.90
26.30
37.80
49.20
25.20
25.60
40.10
27.60
32.30
47.70
25.70
26.60
43.10
27.30
29.60
35.70
26.60
37.70
47.10
26.00
26.90
47.00
25.50
27.50
37.90
30.00
32.10
45.00
26.70
28.30
42.20
27.00
30.80
39.80
27.00
33.20
44.60
25.80
29.60
44.20
27.20
28.60
38.80
27.50
33.70
38.50
30.10
31.40
47.30
25.80
26.90
43.50
25.90
30.60
43.30
25.30
31.40
49.90
25.00
25.10
36.00
28.80
35.20
44.70
27.40
27.90
