//Number of items      
249
//Bin Capacity         
100.00
//Known Best Solution  
83
//Weight of Item		  
43.70
27.90
28.40
39.70
29.90
30.40
35.60
26.30
38.10
38.50
29.40
32.10
47.20
26.20
26.60
41.80
27.20
31.00
47.60
25.00
27.40
43.60
27.60
28.80
38.00
29.60
32.40
39.90
27.20
32.90
48.70
25.00
26.30
37.20
25.70
37.10
41.00
28.00
31.00
46.70
26.20
27.10
45.60
25.40
29.00
45.70
25.20
29.10
36.00
27.30
36.70
39.30
29.20
31.50
40.40
25.10
34.50
38.70
26.30
35.00
41.20
26.60
32.20
41.30
25.60
33.10
45.90
26.20
27.90
43.40
27.10
29.50
43.90
25.30
30.80
49.50
25.10
25.40
39.90
28.60
31.50
39.50
28.20
32.30
37.20
29.00
33.80
41.00
25.30
33.70
36.00
25.80
38.20
40.60
27.40
32.00
41.40
25.80
32.80
35.60
28.10
36.30
49.30
25.10
25.60
40.60
29.20
30.20
44.10
26.60
29.30
36.80
25.50
37.70
47.00
25.30
27.70
44.10
25.30
30.60
49.20
25.00
25.80
46.70
25.20
28.10
40.40
29.10
30.50
41.50
25.10
33.40
45.10
25.90
29.00
46.50
25.70
27.80
38.70
25.20
36.10
48.20
25.20
26.60
40.20
28.00
31.80
40.00
27.00
33.00
35.30
29.30
35.40
48.80
25.00
26.20
35.50
31.00
33.50
48.40
25.30
26.30
36.30
26.00
37.70
45.50
25.40
29.10
48.60
25.20
26.20
43.70
26.10
30.20
48.70
25.60
25.70
38.20
26.60
35.20
49.20
25.00
25.80
39.30
26.70
34.00
44.70
26.00
29.30
45.90
26.50
27.60
43.20
28.20
28.60
41.60
25.90
32.50
49.00
25.00
26.00
38.00
30.20
31.80
40.80
26.60
32.60
48.90
25.40
25.70
48.10
25.20
26.70
38.60
30.20
31.20
49.20
25.20
25.60
45.80
25.20
29.00
43.40
25.60
31.00
47.60
26.10
26.30
37.90
27.30
34.80
44.90
26.50
28.60
48.00
25.60
26.40
35.70
25.00
39.30
45.60
25.50
28.90
38.40
25.80
35.80
47.90
25.60
26.50
