//Number of items      
249
//Bin Capacity         
100.00
//Known Best Solution  
83
//Weight of Item		  
36.60
30.80
32.60
37.80
28.70
33.50
39.70
27.20
33.10
38.40
26.20
35.40
36.30
29.40
34.30
37.40
25.10
37.50
49.50
25.20
25.30
47.20
25.80
27.00
35.00
30.00
35.00
42.30
28.00
29.70
49.80
25.00
25.20
35.80
28.10
36.10
35.50
26.60
37.90
42.40
28.30
29.30
35.10
27.10
37.80
40.70
26.60
32.70
37.90
26.00
36.10
48.30
25.70
26.00
47.60
26.00
26.40
41.50
25.70
32.80
41.00
25.10
33.90
42.50
27.40
30.10
44.00
25.70
30.30
37.60
27.20
35.20
42.70
26.80
30.50
45.30
26.40
28.30
48.40
25.60
26.00
46.30
25.90
27.80
38.10
30.80
31.10
43.20
26.00
30.80
49.30
25.10
25.60
38.40
28.90
32.70
44.50
27.50
28.00
40.60
25.00
34.40
39.10
25.10
35.80
48.50
25.40
26.10
36.50
31.40
32.10
35.00
25.90
39.10
47.90
25.50
26.60
35.80
29.50
34.70
41.50
28.10
30.40
39.70
27.90
32.40
49.50
25.10
25.40
44.80
27.30
27.90
43.00
27.90
29.10
48.40
25.60
26.00
35.20
30.90
33.90
44.90
26.90
28.20
37.90
27.60
34.50
38.30
28.70
33.00
42.80
27.50
29.70
38.00
26.40
35.60
38.20
26.30
35.50
43.30
26.20
30.50
42.30
26.70
31.00
46.40
26.30
27.30
41.40
26.00
32.60
44.20
26.80
29.00
48.70
25.40
25.90
43.70
25.70
30.60
37.20
30.30
32.50
46.40
25.20
28.40
42.60
25.60
31.80
46.90
26.40
26.70
36.70
25.70
37.60
37.50
31.10
31.40
42.20
26.90
30.90
40.20
26.60
33.20
46.00
26.00
28.00
41.70
29.00
29.30
41.30
28.50
30.20
35.60
28.40
36.00
42.30
27.50
30.20
38.70
27.40
33.90
37.50
27.60
34.90
43.00
25.60
31.40
39.30
27.50
33.20
44.90
26.30
28.80
41.90
28.20
29.90
37.80
29.30
32.90
45.60
25.90
28.50
40.30
25.50
34.20
37.20
29.90
32.90
