//Number of items      
249
//Bin Capacity         
100.00
//Known Best Solution  
83
//Weight of Item		  
44.40
26.40
29.20
39.70
29.40
30.90
36.30
30.30
33.40
41.40
27.80
30.80
38.70
28.90
32.40
45.40
27.00
27.60
49.10
25.30
25.60
42.00
27.60
30.40
49.50
25.10
25.40
44.20
27.60
28.20
37.40
26.00
36.60
48.90
25.00
26.10
49.40
25.10
25.50
48.40
25.10
26.50
46.60
25.10
28.30
49.90
25.00
25.10
41.80
27.00
31.20
41.90
27.00
31.10
38.00
28.10
33.90
48.20
25.10
26.70
48.90
25.10
26.00
40.70
27.20
32.10
36.70
30.30
33.00
35.60
28.90
35.50
36.80
26.50
36.70
49.20
25.20
25.60
44.80
25.70
29.50
47.40
25.40
27.20
41.20
28.60
30.20
45.80
27.00
27.20
47.60
25.40
27.00
48.80
25.50
25.70
48.90
25.40
25.70
38.10
27.20
34.70
43.00
25.90
31.10
37.30
29.80
32.90
47.20
25.50
27.30
46.30
25.90
27.80
42.50
27.00
30.50
48.20
25.30
26.50
42.00
26.30
31.70
47.70
25.30
27.00
43.10
25.60
31.30
38.50
25.30
36.20
44.20
27.80
28.00
36.30
31.30
32.40
39.10
26.90
34.00
43.50
26.00
30.50
39.50
26.40
34.10
38.50
28.80
32.70
44.30
25.80
29.90
45.10
27.00
27.90
48.60
25.00
26.40
42.40
28.10
29.50
37.10
28.20
34.70
42.40
27.30
30.30
36.40
25.80
37.80
40.00
25.20
34.80
42.70
27.50
29.80
39.80
26.30
33.90
45.80
26.60
27.60
41.40
28.20
30.40
39.20
27.50
33.30
46.10
25.70
28.20
39.30
28.20
32.50
44.10
26.90
29.00
40.50
25.90
33.60
39.60
29.50
30.90
48.70
25.50
25.80
37.30
26.50
36.20
45.90
25.60
28.50
43.80
27.70
28.50
40.50
27.20
32.30
47.30
25.00
27.70
45.10
26.30
28.60
39.10
27.20
33.70
44.40
26.40
29.20
39.60
28.30
32.10
35.40
28.50
36.10
39.30
28.90
31.80
49.30
25.00
25.70
36.90
29.60
33.50
35.90
28.40
35.70
