//Number of items      
249
//Bin Capacity         
100.00
//Known Best Solution  
83
//Weight of Item		  
46.60
26.10
27.30
49.70
25.00
25.30
38.20
30.80
31.00
42.40
27.30
30.30
38.50
28.30
33.20
42.50
25.40
32.10
46.40
25.30
28.30
44.30
25.80
29.90
40.10
27.60
32.30
48.80
25.50
25.70
43.10
25.00
31.90
46.00
26.30
27.70
38.10
30.20
31.70
39.70
26.00
34.30
38.00
28.90
33.10
38.50
25.00
36.50
44.10
26.30
29.60
49.20
25.30
25.50
43.10
26.00
30.90
48.70
25.50
25.80
40.70
25.90
33.40
48.00
25.50
26.50
42.80
27.90
29.30
38.70
28.10
33.20
44.40
25.10
30.50
48.90
25.40
25.70
37.20
25.10
37.70
45.20
25.70
29.10
42.80
27.10
30.10
42.20
25.30
32.50
35.80
26.00
38.20
49.70
25.00
25.30
38.20
30.60
31.20
35.90
26.90
37.20
40.90
29.30
29.80
49.10
25.20
25.70
43.40
27.10
29.50
36.90
25.20
37.90
38.30
28.80
32.90
39.30
26.30
34.40
43.80
25.90
30.30
45.10
26.70
28.20
49.40
25.20
25.40
39.10
28.80
32.10
37.60
26.40
36.00
49.90
25.00
25.10
38.10
25.50
36.40
35.30
31.10
33.60
44.00
26.90
29.10
45.70
26.70
27.60
45.20
27.00
27.80
40.40
26.20
33.40
39.80
29.30
30.90
36.00
27.90
36.10
42.50
28.40
29.10
49.10
25.10
25.80
45.10
27.20
27.70
44.60
27.60
27.80
49.70
25.00
25.30
43.70
25.40
30.90
46.90
25.40
27.70
43.70
27.90
28.40
35.40
31.10
33.50
42.50
25.00
32.50
46.10
25.80
28.10
41.60
27.00
31.40
45.90
25.80
28.30
40.00
27.10
32.90
46.80
25.00
28.20
37.00
26.90
36.10
42.20
25.60
32.20
40.70
26.00
33.30
38.20
25.00
36.80
44.90
25.40
29.70
42.60
25.80
31.60
46.40
26.70
26.90
41.50
25.40
33.10
39.20
28.00
32.80
41.50
28.40
30.10
43.20
27.90
28.90
41.00
26.70
32.30
38.50
25.20
36.30
36.80
29.20
34.00
