//Number of items      
249
//Bin Capacity         
100.00
//Known Best Solution  
83
//Weight of Item		  
40.10
25.20
34.70
38.40
25.80
35.80
45.10
26.80
28.10
40.70
29.20
30.10
40.50
27.10
32.40
38.90
29.20
31.90
43.00
26.60
30.40
46.80
25.90
27.30
46.00
26.10
27.90
48.60
25.00
26.40
40.60
25.40
34.00
38.00
30.70
31.30
45.00
27.10
27.90
38.10
27.50
34.40
41.10
25.30
33.60
36.10
26.40
37.50
43.00
26.60
30.40
39.20
26.10
34.70
41.90
27.80
30.30
46.50
25.80
27.70
49.50
25.00
25.50
41.80
27.70
30.50
37.70
29.20
33.10
42.60
26.00
31.40
41.20
26.10
32.70
49.40
25.00
25.60
37.90
30.30
31.80
48.80
25.40
25.80
38.00
25.20
36.80
46.80
26.10
27.10
35.40
28.70
35.90
49.90
25.00
25.10
44.30
25.80
29.90
49.70
25.10
25.20
39.50
29.60
30.90
45.60
26.10
28.30
37.10
27.40
35.50
48.00
25.40
26.60
47.10
25.20
27.70
40.40
25.50
34.10
46.80
26.20
27.00
41.70
28.70
29.60
42.50
28.40
29.10
46.10
25.50
28.40
48.80
25.30
25.90
41.70
25.90
32.40
44.00
26.40
29.60
43.60
26.00
30.40
37.40
28.90
33.70
39.20
27.80
33.00
48.90
25.50
25.60
38.30
26.70
35.00
41.50
28.50
30.00
39.60
26.90
33.50
47.20
26.20
26.60
42.00
25.90
32.10
49.80
25.00
25.20
44.40
25.30
30.30
43.30
27.00
29.70
44.70
26.20
29.10
35.50
25.40
39.10
47.60
25.80
26.60
46.20
26.20
27.60
46.80
25.40
27.80
37.70
25.80
36.50
43.00
26.60
30.40
44.90
26.80
28.30
44.90
25.60
29.50
46.80
25.60
27.60
41.20
25.30
33.50
49.80
25.00
25.20
47.00
25.90
27.10
37.60
30.50
31.90
39.60
28.20
32.20
41.90
26.80
31.30
46.20
25.40
28.40
37.00
29.80
33.20
35.20
28.30
36.50
36.30
25.40
38.30
42.70
28.40
28.90
47.00
25.40
27.60
46.00
26.00
28.00
39.70
25.30
35.00
