//Number of items      
249
//Bin Capacity         
100.00
//Known Best Solution  
83
//Weight of Item		  
37.20
28.90
33.90
38.70
29.70
31.60
35.10
25.70
39.20
39.30
26.10
34.60
42.90
27.70
29.40
36.60
28.20
35.20
49.70
25.00
25.30
41.40
25.50
33.10
35.70
26.30
38.00
41.50
25.00
33.50
39.50
28.40
32.10
46.10
25.50
28.40
35.70
27.40
36.90
46.60
25.10
28.30
42.70
28.40
28.90
48.00
25.00
27.00
36.60
28.20
35.20
39.60
26.90
33.50
49.10
25.30
25.60
47.90
25.90
26.20
49.50
25.00
25.50
46.00
26.90
27.10
37.10
30.80
32.10
49.60
25.00
25.40
42.80
25.80
31.40
46.50
25.30
28.20
35.20
29.80
35.00
41.00
25.40
33.60
40.70
29.30
30.00
38.90
29.50
31.60
45.30
26.90
27.80
44.80
27.40
27.80
47.90
25.80
26.30
45.70
25.40
28.90
47.80
25.40
26.80
37.40
29.40
33.20
41.50
27.50
31.00
35.20
26.50
38.30
40.30
28.40
31.30
41.40
27.80
30.80
44.70
26.40
28.90
43.20
25.10
31.70
44.30
25.70
30.00
46.70
25.90
27.40
49.30
25.10
25.60
43.60
26.40
30.00
39.40
26.40
34.20
49.20
25.20
25.60
48.20
25.20
26.60
42.00
27.00
31.00
37.50
28.50
34.00
37.60
30.60
31.80
42.30
26.40
31.30
45.20
26.30
28.50
36.40
25.20
38.40
49.40
25.10
25.50
36.30
25.70
38.00
36.90
26.10
37.00
39.50
25.90
34.60
38.60
26.00
35.40
45.30
25.70
29.00
41.20
25.60
33.20
36.20
31.30
32.50
45.30
25.80
28.90
43.90
25.20
30.90
45.70
25.00
29.30
41.40
29.10
29.50
43.20
25.60
31.20
44.40
25.60
30.00
47.90
25.00
27.10
49.40
25.10
25.50
40.80
29.00
30.20
49.90
25.00
25.10
44.00
25.70
30.30
40.60
28.00
31.40
44.20
25.30
30.50
47.50
26.20
26.30
41.30
26.60
32.10
35.60
29.30
35.10
39.30
26.60
34.10
46.80
25.90
27.30
44.80
25.40
29.80
35.00
25.00
40.00
