//Number of items      
249
//Bin Capacity         
100.00
//Known Best Solution  
83
//Weight of Item		  
36.90
29.60
33.50
46.50
26.50
27.00
43.80
27.10
29.10
44.70
25.20
30.10
39.70
27.90
32.40
47.90
25.40
26.70
35.60
30.90
33.50
40.80
29.40
29.80
38.00
27.20
34.80
47.70
25.00
27.30
44.90
25.90
29.20
43.80
27.30
28.90
43.40
25.30
31.30
46.90
25.50
27.60
43.10
25.70
31.20
45.60
26.90
27.50
39.00
25.70
35.30
38.50
26.80
34.70
40.10
27.80
32.10
38.40
26.90
34.70
40.60
29.40
30.00
35.60
27.60
36.80
36.00
26.60
37.40
48.80
25.00
26.20
45.10
26.20
28.70
44.60
27.30
28.10
47.50
25.70
26.80
47.50
25.00
27.50
35.60
31.00
33.40
47.60
25.90
26.50
45.10
25.20
29.70
38.40
30.40
31.20
43.30
26.80
29.90
40.50
25.70
33.80
39.10
28.60
32.30
49.50
25.00
25.50
41.40
26.00
32.60
48.00
25.00
27.00
44.40
25.70
29.90
41.30
25.10
33.60
36.00
31.50
32.50
37.90
29.50
32.60
41.00
28.00
31.00
41.50
28.50
30.00
41.80
26.90
31.30
38.20
25.60
36.20
37.70
27.60
34.70
45.80
26.40
27.80
37.40
27.70
34.90
41.70
27.00
31.30
36.20
25.50
38.30
49.60
25.00
25.40
46.30
25.60
28.10
38.30
28.30
33.40
38.90
30.20
30.90
39.00
29.40
31.60
49.60
25.00
25.40
41.60
25.40
33.00
43.10
26.20
30.70
47.30
25.60
27.10
48.70
25.20
26.10
47.60
25.00
27.40
38.60
29.10
32.30
48.90
25.20
25.90
45.90
26.70
27.40
39.20
28.90
31.90
35.60
26.80
37.60
38.20
27.70
34.10
42.00
25.60
32.40
37.80
25.90
36.30
41.60
25.00
33.40
35.70
26.10
38.20
46.30
26.30
27.40
49.20
25.00
25.80
37.40
30.30
32.30
41.50
25.60
32.90
47.60
25.50
26.90
42.20
28.30
29.50
43.20
27.80
29.00
49.90
25.00
25.10
40.50
29.10
30.40
46.70
26.20
27.10
48.40
25.50
26.10
