//Number of items      
249
//Bin Capacity         
100.00
//Known Best Solution  
83
//Weight of Item		  
38.90
26.90
34.20
47.10
25.60
27.30
45.20
25.80
29.00
49.30
25.10
25.60
39.00
28.20
32.80
41.40
27.70
30.90
44.50
25.80
29.70
42.90
26.30
30.80
38.50
25.00
36.50
41.60
25.50
32.90
45.20
25.80
29.00
44.60
27.10
28.30
45.70
26.60
27.70
47.60
25.80
26.60
37.80
29.80
32.40
39.70
29.30
31.00
48.20
25.30
26.50
44.80
25.80
29.40
47.30
26.10
26.60
37.70
26.70
35.60
38.20
29.40
32.40
38.20
28.70
33.10
42.50
25.70
31.80
41.20
28.00
30.80
43.70
26.70
29.60
42.40
25.90
31.70
41.10
26.80
32.10
36.20
25.60
38.20
39.20
27.10
33.70
36.00
26.00
38.00
46.30
26.40
27.30
44.70
25.20
30.10
47.70
26.00
26.30
40.90
25.00
34.10
48.00
25.70
26.30
43.20
27.40
29.40
46.60
25.40
28.00
47.00
25.30
27.70
43.00
26.70
30.30
49.80
25.00
25.20
49.00
25.40
25.60
44.10
26.90
29.00
46.10
26.30
27.60
47.60
25.10
27.30
41.40
25.30
33.30
36.10
27.40
36.50
49.60
25.00
25.40
41.90
26.40
31.70
38.10
30.30
31.60
43.80
27.50
28.70
43.20
27.20
29.60
42.00
28.50
29.50
40.40
26.40
33.20
46.70
25.40
27.90
43.10
27.60
29.30
48.10
25.80
26.10
38.90
25.90
35.20
41.40
28.60
30.00
43.70
25.90
30.40
37.60
28.80
33.60
35.40
25.40
39.20
35.70
26.10
38.20
48.70
25.20
26.10
36.10
28.70
35.20
39.50
29.40
31.10
40.90
25.00
34.10
46.00
25.30
28.70
38.10
27.60
34.30
44.80
27.10
28.10
41.10
28.50
30.40
41.70
27.60
30.70
35.10
26.90
38.00
43.50
26.70
29.80
46.70
25.40
27.90
45.40
26.20
28.40
49.50
25.10
25.40
37.90
29.10
33.00
43.40
26.40
30.20
49.50
25.00
25.50
44.20
27.30
28.50
43.90
26.30
29.80
39.40
29.40
31.20
40.30
29.30
30.40
