//Number of items      
249
//Bin Capacity         
100.00
//Known Best Solution  
83
//Weight of Item		  
45.10
26.70
28.20
43.80
27.50
28.70
39.70
27.40
32.90
36.20
30.30
33.50
49.10
25.10
25.80
37.90
25.60
36.50
39.40
29.40
31.20
43.70
27.40
28.90
43.80
27.10
29.10
39.80
29.00
31.20
39.60
26.10
34.30
48.20
25.20
26.60
42.50
25.20
32.30
38.20
29.10
32.70
41.40
26.20
32.40
38.80
25.10
36.10
42.60
25.90
31.50
37.70
25.80
36.50
45.50
26.60
27.90
41.10
26.00
32.90
35.60
29.50
34.90
47.00
25.70
27.30
44.90
25.20
29.90
38.00
28.00
34.00
37.80
30.50
31.70
44.00
25.50
30.50
43.50
27.00
29.50
47.80
25.20
27.00
44.60
25.20
30.20
38.80
27.40
33.80
47.60
26.00
26.40
48.70
25.00
26.30
46.90
26.20
26.90
41.50
25.70
32.80
36.90
29.20
33.90
37.70
29.70
32.60
41.10
28.20
30.70
36.90
28.10
35.00
43.60
26.70
29.70
45.90
25.80
28.30
45.80
26.80
27.40
46.00
25.10
28.90
48.80
25.00
26.20
43.60
26.30
30.10
42.70
27.50
29.80
43.80
27.30
28.90
46.00
26.90
27.10
44.40
26.10
29.50
47.70
25.50
26.80
45.70
25.60
28.70
41.90
27.90
30.20
41.70
26.40
31.90
41.70
27.10
31.20
47.40
25.30
27.30
37.50
28.80
33.70
45.80
26.90
27.30
36.40
30.30
33.30
38.10
26.20
35.70
35.30
30.70
34.00
47.00
26.00
27.00
36.60
28.90
34.50
38.40
26.40
35.20
36.90
25.90
37.20
47.00
25.50
27.50
47.10
25.50
27.40
42.40
28.00
29.60
44.00
26.90
29.10
38.60
25.00
36.40
46.00
25.50
28.50
37.60
29.20
33.20
35.60
30.30
34.10
48.00
25.70
26.30
42.40
26.80
30.80
37.00
27.50
35.50
49.40
25.00
25.60
43.40
26.40
30.20
46.30
26.70
27.00
41.10
28.00
30.90
42.70
25.50
31.80
46.60
25.90
27.50
49.10
25.20
25.70
40.00
28.60
31.40
44.60
26.00
29.40
