//Number of items      
249
//Bin Capacity         
100.00
//Known Best Solution  
83
//Weight of Item		  
39.10
27.90
33.00
48.30
25.00
26.70
47.60
25.70
26.70
49.90
25.00
25.10
38.40
25.10
36.50
48.60
25.60
25.80
38.60
28.20
33.20
36.50
28.00
35.50
41.40
25.70
32.90
46.60
25.60
27.80
36.20
28.10
35.70
40.70
29.00
30.30
44.20
25.80
30.00
49.00
25.00
26.00
35.60
28.90
35.50
35.70
29.20
35.10
42.60
25.20
32.20
45.00
27.30
27.70
36.30
29.70
34.00
45.80
25.70
28.50
35.20
27.70
37.10
43.60
27.80
28.60
48.80
25.30
25.90
44.80
27.10
28.10
38.40
30.30
31.30
39.50
29.90
30.60
48.60
25.50
25.90
40.10
27.00
32.90
44.50
26.20
29.30
36.80
26.00
37.20
39.40
26.40
34.20
37.40
25.60
37.00
39.60
26.80
33.60
46.90
25.00
28.10
37.10
28.50
34.40
43.00
26.30
30.70
42.40
25.50
32.10
39.90
29.60
30.50
35.80
30.50
33.70
43.50
25.90
30.60
49.10
25.10
25.80
44.00
26.30
29.70
35.20
30.60
34.20
43.90
26.80
29.30
39.10
29.40
31.50
43.10
27.60
29.30
48.40
25.30
26.30
49.00
25.00
26.00
36.70
30.30
33.00
44.00
27.20
28.80
48.40
25.10
26.50
38.10
25.60
36.30
35.30
27.80
36.90
45.90
25.80
28.30
49.20
25.10
25.70
43.20
27.60
29.20
39.60
29.40
31.00
41.10
25.10
33.80
48.00
25.30
26.70
49.50
25.10
25.40
38.80
25.60
35.60
42.60
26.50
30.90
40.20
27.90
31.90
40.80
25.80
33.40
40.70
25.00
34.30
37.40
25.90
36.70
36.00
31.70
32.30
48.70
25.10
26.20
46.60
26.20
27.20
48.30
25.10
26.60
46.90
26.30
26.80
35.10
28.70
36.20
41.00
28.80
30.20
36.00
26.80
37.20
44.90
26.40
28.70
49.10
25.40
25.50
45.70
26.70
27.60
43.00
28.30
28.70
42.20
25.80
32.00
38.40
26.40
35.20
48.90
25.30
25.80
43.70
26.20
30.10
38.40
30.60
31.00
