//Number of items      
249
//Bin Capacity         
100.00
//Known Best Solution  
83
//Weight of Item		  
37.50
27.50
35.00
48.60
25.60
25.80
46.60
26.10
27.30
47.90
25.40
26.70
42.50
25.40
32.10
49.80
25.00
25.20
38.30
27.30
34.40
45.20
27.00
27.80
44.70
25.80
29.50
38.70
30.50
30.80
49.60
25.00
25.40
43.30
26.90
29.80
49.90
25.00
25.10
41.50
28.30
30.20
48.00
25.50
26.50
37.40
28.00
34.60
49.80
25.00
25.20
36.50
28.60
34.90
42.00
25.80
32.20
35.30
30.10
34.60
46.70
25.70
27.60
37.40
26.40
36.20
40.10
28.20
31.70
41.30
26.50
32.20
37.40
26.60
36.00
46.70
25.20
28.10
35.90
31.90
32.20
44.80
25.80
29.40
42.70
25.30
32.00
45.30
25.30
29.40
48.30
25.40
26.30
44.80
25.60
29.60
45.90
25.40
28.70
40.30
29.40
30.30
49.80
25.00
25.20
46.00
25.30
28.70
40.90
26.90
32.20
47.50
25.20
27.30
37.10
28.40
34.50
43.90
27.50
28.60
47.40
25.50
27.10
41.00
25.50
33.50
39.60
26.10
34.30
44.60
26.00
29.40
40.80
25.70
33.50
48.60
25.10
26.30
35.50
26.60
37.90
46.10
25.30
28.60
48.10
25.50
26.40
47.50
25.80
26.70
40.10
25.90
34.00
46.10
26.20
27.70
42.30
28.10
29.60
44.00
25.20
30.80
37.80
25.40
36.80
48.80
25.00
26.20
42.10
27.60
30.30
44.50
27.20
28.30
35.80
25.20
39.00
46.10
25.00
28.90
35.10
25.10
39.80
39.70
28.50
31.80
48.20
25.00
26.80
47.60
25.50
26.90
40.00
28.50
31.50
44.20
25.30
30.50
48.30
25.20
26.50
47.60
25.00
27.40
45.10
26.80
28.10
44.50
25.90
29.60
46.00
25.10
28.90
41.40
26.10
32.50
45.50
26.70
27.80
42.90
27.10
30.00
46.70
26.30
27.00
49.80
25.00
25.20
49.80
25.00
25.20
35.10
26.30
38.60
42.70
25.60
31.70
42.10
26.20
31.70
40.90
25.40
33.70
46.80
26.30
26.90
45.80
25.20
29.00
