//Number of items      
249
//Bin Capacity         
100.00
//Known Best Solution  
83
//Weight of Item		  
48.90
25.30
25.80
48.90
25.20
25.90
38.40
29.50
32.10
42.50
27.80
29.70
38.60
29.90
31.50
40.30
29.70
30.00
48.70
25.00
26.30
43.10
26.00
30.90
40.50
28.80
30.70
40.70
25.50
33.80
40.40
28.30
31.30
37.40
29.70
32.90
42.20
27.90
29.90
45.30
26.80
27.90
40.00
29.30
30.70
41.20
27.40
31.40
44.70
26.00
29.30
38.00
30.50
31.50
41.10
27.00
31.90
44.40
27.30
28.30
36.50
25.00
38.50
43.30
27.00
29.70
47.10
26.20
26.70
43.80
25.20
31.00
46.30
26.30
27.40
35.00
25.10
39.90
38.80
26.00
35.20
37.90
25.50
36.60
39.40
28.60
32.00
48.90
25.20
25.90
48.80
25.30
25.90
49.80
25.00
25.20
43.50
26.10
30.40
42.00
25.40
32.60
47.80
25.20
27.00
49.10
25.20
25.70
38.20
29.00
32.80
43.80
27.10
29.10
42.50
25.20
32.30
49.90
25.00
25.10
41.90
28.20
29.90
36.10
28.90
35.00
41.40
27.60
31.00
40.30
25.40
34.30
47.20
26.30
26.50
48.40
25.10
26.50
36.30
30.40
33.30
43.30
27.30
29.40
35.80
31.20
33.00
35.30
31.20
33.50
48.00
25.20
26.80
39.40
27.60
33.00
46.70
26.00
27.30
47.90
25.20
26.90
37.70
26.30
36.00
49.30
25.30
25.40
45.00
25.00
30.00
37.90
28.50
33.60
37.60
27.90
34.50
37.10
29.40
33.50
38.10
30.70
31.20
38.90
25.80
35.30
38.10
28.50
33.40
44.50
25.50
30.00
37.00
30.10
32.90
36.50
27.30
36.20
37.80
27.60
34.60
46.60
25.80
27.60
36.70
28.10
35.20
46.30
25.70
28.00
37.60
26.10
36.30
40.40
27.90
31.70
44.30
26.80
28.90
44.00
25.90
30.10
46.30
26.20
27.50
35.60
32.00
32.40
41.80
28.70
29.50
42.50
26.70
30.80
37.40
28.30
34.30
41.30
27.40
31.30
38.40
25.90
35.70
38.20
27.60
34.20
46.10
26.40
27.50
