//Number of items      
249
//Bin Capacity         
100.00
//Known Best Solution  
83
//Weight of Item		  
35.80
28.50
35.70
48.30
25.70
26.00
47.90
25.80
26.30
43.80
27.90
28.30
45.90
26.60
27.50
40.20
28.40
31.40
48.30
25.00
26.70
48.20
25.00
26.80
46.50
26.40
27.10
44.50
26.00
29.50
47.90
25.20
26.90
40.10
26.80
33.10
44.90
26.50
28.60
49.00
25.10
25.90
38.60
27.80
33.60
49.80
25.00
25.20
47.60
25.00
27.40
36.30
25.70
38.00
38.30
26.90
34.80
48.80
25.20
26.00
44.80
26.10
29.10
46.80
26.20
27.00
38.80
26.30
34.90
35.10
26.00
38.90
43.50
25.20
31.30
35.00
28.10
36.90
43.60
26.90
29.50
45.10
27.10
27.80
44.20
25.10
30.70
37.70
30.60
31.70
39.80
26.30
33.90
48.00
25.40
26.60
39.60
26.90
33.50
40.40
25.60
34.00
48.20
25.50
26.30
38.20
29.80
32.00
40.80
26.70
32.50
36.00
25.50
38.50
44.90
25.00
30.10
45.50
27.00
27.50
39.60
27.00
33.40
45.00
27.30
27.70
37.10
25.80
37.10
36.20
27.50
36.30
37.80
27.50
34.70
49.80
25.00
25.20
36.70
30.90
32.40
48.10
25.50
26.40
48.80
25.30
25.90
48.70
25.00
26.30
36.60
30.00
33.40
35.50
31.90
32.60
40.30
25.40
34.30
46.60
25.90
27.50
40.20
27.80
32.00
45.90
26.60
27.50
39.50
25.40
35.10
37.80
30.50
31.70
38.30
27.10
34.60
40.60
28.60
30.80
44.70
27.00
28.30
49.30
25.10
25.60
45.40
26.70
27.90
46.90
26.10
27.00
35.90
26.20
37.90
40.20
27.80
32.00
42.90
25.40
31.70
36.50
28.90
34.60
39.10
26.40
34.50
39.50
28.60
31.90
41.10
27.60
31.30
38.20
29.30
32.50
37.80
28.80
33.40
40.10
28.70
31.20
43.60
26.40
30.00
44.20
25.00
30.80
40.70
27.60
31.70
49.30
25.20
25.50
46.40
26.10
27.50
40.50
25.70
33.80
40.40
26.20
33.40
47.50
25.80
26.70
36.30
27.60
36.10
