//Number of items      
249
//Bin Capacity         
100.00
//Known Best Solution  
83
//Weight of Item		  
48.40
25.70
25.90
45.60
25.90
28.50
35.30
25.00
39.70
36.70
26.00
37.30
40.50
25.60
33.90
43.10
26.90
30.00
49.40
25.00
25.60
44.30
27.00
28.70
37.30
28.80
33.90
40.10
26.60
33.30
37.40
28.10
34.50
44.10
25.80
30.10
37.40
27.00
35.60
36.50
29.00
34.50
44.30
26.30
29.40
48.40
25.30
26.30
41.90
25.50
32.60
45.90
26.10
28.00
36.00
26.30
37.70
40.70
28.20
31.10
37.20
26.00
36.80
44.50
27.20
28.30
35.70
31.10
33.20
49.40
25.10
25.50
39.10
28.60
32.30
39.00
28.10
32.90
47.60
25.00
27.40
45.80
25.20
29.00
44.80
27.10
28.10
39.40
28.70
31.90
35.70
25.60
38.70
44.90
26.40
28.70
38.40
28.10
33.50
43.30
27.10
29.60
42.40
26.50
31.10
39.10
25.90
35.00
46.70
25.40
27.90
38.70
26.40
34.90
46.30
25.70
28.00
42.10
25.50
32.40
44.20
27.00
28.80
42.10
25.50
32.40
41.00
28.60
30.40
39.20
27.30
33.50
39.70
25.20
35.10
41.40
27.80
30.80
39.00
28.10
32.90
45.00
25.20
29.80
37.70
29.90
32.40
43.40
26.40
30.20
45.30
27.10
27.60
46.90
25.70
27.40
40.10
25.60
34.30
39.60
28.50
31.90
41.30
29.00
29.70
36.60
25.90
37.50
46.10
25.30
28.60
37.40
26.30
36.30
39.00
29.20
31.80
41.40
25.70
32.90
49.00
25.40
25.60
35.00
25.80
39.20
48.80
25.00
26.20
45.90
26.90
27.20
38.30
30.30
31.40
47.70
25.20
27.10
45.70
26.50
27.80
49.60
25.00
25.40
35.60
27.10
37.30
37.30
28.10
34.60
36.80
31.50
31.70
40.30
29.00
30.70
37.40
26.40
36.20
48.70
25.30
26.00
40.70
25.30
34.00
46.60
25.40
28.00
38.20
28.50
33.30
36.90
26.90
36.20
43.30
26.70
30.00
36.70
31.10
32.20
38.10
27.30
34.60
48.10
25.00
26.90
43.00
26.00
31.00
