//Number of items      
249
//Bin Capacity         
100.00
//Known Best Solution  
83
//Weight of Item		  
35.90
30.00
34.10
46.50
26.40
27.10
38.40
25.00
36.60
36.80
26.00
37.20
41.20
28.70
30.10
40.20
26.30
33.50
48.90
25.00
26.10
35.70
26.90
37.40
46.80
25.80
27.40
49.00
25.40
25.60
41.50
27.60
30.90
37.60
30.80
31.60
48.70
25.40
25.90
43.10
25.80
31.10
49.20
25.30
25.50
40.20
25.50
34.30
43.60
26.80
29.60
49.40
25.00
25.60
47.00
26.10
26.90
46.40
26.10
27.50
44.10
26.80
29.10
46.00
26.30
27.70
37.80
29.00
33.20
47.70
25.00
27.30
47.20
26.00
26.80
41.50
26.10
32.40
47.10
25.60
27.30
39.00
25.80
35.20
41.70
27.40
30.90
38.50
30.10
31.40
44.00
25.80
30.20
38.10
27.70
34.20
43.60
26.10
30.30
35.90
29.20
34.90
37.80
27.50
34.70
49.20
25.20
25.60
36.70
30.90
32.40
44.30
27.50
28.20
36.60
27.60
35.80
41.70
25.70
32.60
41.60
28.80
29.60
49.80
25.00
25.20
37.70
29.70
32.60
46.00
25.20
28.80
48.20
25.00
26.80
48.00
25.70
26.30
35.20
25.40
39.40
43.50
26.00
30.50
36.50
28.60
34.90
38.50
28.50
33.00
43.50
27.70
28.80
35.20
32.30
32.50
48.40
25.30
26.30
40.20
25.90
33.90
39.90
29.50
30.60
35.50
26.60
37.90
36.20
28.10
35.70
49.30
25.10
25.60
42.40
28.50
29.10
38.50
28.20
33.30
38.60
27.40
34.00
40.00
26.40
33.60
35.80
28.00
36.20
39.80
29.00
31.20
39.80
28.30
31.90
36.30
30.90
32.80
36.50
26.00
37.50
43.50
26.80
29.70
37.20
27.50
35.30
37.70
29.60
32.70
44.20
26.20
29.60
35.40
26.00
38.60
35.20
28.20
36.60
35.20
26.80
38.00
35.00
28.90
36.10
45.60
26.30
28.10
42.70
26.00
31.30
42.60
25.70
31.70
42.70
25.80
31.50
40.70
26.20
33.10
46.20
26.00
27.80
35.50
27.90
36.60
45.40
25.10
29.50
