//Number of items      
249
//Bin Capacity         
100.00
//Known Best Solution  
83
//Weight of Item		  
43.80
26.60
29.60
36.30
27.10
36.60
38.40
27.70
33.90
46.90
26.10
27.00
35.30
28.70
36.00
45.70
26.50
27.80
38.40
25.40
36.20
48.80
25.40
25.80
47.10
25.40
27.50
41.20
27.20
31.60
45.90
26.10
28.00
44.90
26.30
28.80
36.30
28.90
34.80
36.00
27.10
36.90
48.90
25.00
26.10
41.40
25.80
32.80
36.30
27.60
36.10
35.50
27.90
36.60
37.50
26.90
35.60
43.30
27.90
28.80
35.40
29.40
35.20
37.80
29.70
32.50
36.80
28.60
34.60
38.00
27.80
34.20
46.80
25.50
27.70
47.30
25.60
27.10
37.80
25.60
36.60
41.80
25.00
33.20
43.60
25.30
31.10
45.60
25.60
28.80
38.40
28.00
33.60
38.00
26.70
35.30
35.30
30.10
34.60
48.60
25.40
26.00
37.70
25.10
37.20
49.40
25.20
25.40
44.50
25.70
29.80
37.60
29.00
33.40
36.30
30.00
33.70
42.50
26.90
30.60
40.90
25.60
33.50
38.50
27.60
33.90
46.90
25.70
27.40
47.80
26.00
26.20
42.70
26.00
31.30
35.80
29.50
34.70
43.20
25.00
31.80
49.10
25.30
25.60
40.90
27.40
31.70
41.80
25.00
33.20
35.10
27.60
37.30
49.30
25.00
25.70
43.80
26.70
29.50
38.10
29.10
32.80
35.50
25.90
38.60
39.70
25.90
34.40
47.80
25.10
27.10
40.10
27.50
32.40
42.50
26.20
31.30
45.50
25.70
28.80
44.20
25.30
30.50
45.50
26.90
27.60
36.00
29.50
34.50
40.70
29.50
29.80
43.30
27.50
29.20
44.80
25.10
30.10
35.70
31.20
33.10
43.10
27.70
29.20
35.20
25.70
39.10
37.00
29.60
33.40
44.60
27.60
27.80
39.60
29.60
30.80
45.30
25.30
29.40
37.20
31.00
31.80
41.40
27.00
31.60
42.10
27.50
30.40
43.10
26.70
30.20
43.90
26.40
29.70
48.10
25.00
26.90
47.40
25.60
27.00
47.20
25.60
27.20
37.20
25.60
37.20
40.30
25.20
34.50
