//Number of items      
249
//Bin Capacity         
100.00
//Known Best Solution  
83
//Weight of Item		  
36.60
26.80
36.60
43.00
26.30
30.70
41.40
28.70
29.90
49.50
25.10
25.40
47.40
25.20
27.40
37.00
26.90
36.10
47.30
25.20
27.50
47.20
25.90
26.90
44.40
25.80
29.80
43.90
27.30
28.80
44.50
27.20
28.30
41.90
26.10
32.00
36.30
27.10
36.60
35.50
27.30
37.20
46.60
26.20
27.20
35.70
29.20
35.10
39.50
25.50
35.00
35.00
30.30
34.70
45.00
25.20
29.80
41.00
27.50
31.50
40.70
26.00
33.30
36.60
27.10
36.30
35.00
29.40
35.60
48.00
25.30
26.70
44.60
25.90
29.50
37.60
26.70
35.70
36.60
28.20
35.20
47.80
25.60
26.60
42.00
25.10
32.90
43.40
25.20
31.40
47.00
25.40
27.60
49.70
25.00
25.30
49.70
25.00
25.30
44.50
25.40
30.10
41.20
26.30
32.50
40.00
29.80
30.20
36.20
28.20
35.60
40.50
25.90
33.60
39.70
29.00
31.30
48.50
25.30
26.20
36.70
27.40
35.90
35.50
26.30
38.20
47.10
25.80
27.10
46.40
25.90
27.70
42.60
28.10
29.30
49.80
25.00
25.20
39.20
25.70
35.10
48.50
25.10
26.40
44.10
27.20
28.70
39.20
27.50
33.30
35.00
26.40
38.60
49.10
25.10
25.80
43.70
25.50
30.80
47.30
25.10
27.60
41.50
25.50
33.00
49.50
25.00
25.50
48.80
25.30
25.90
48.50
25.50
26.00
41.90
28.70
29.40
46.90
25.00
28.10
38.50
26.90
34.60
49.00
25.20
25.80
46.20
26.40
27.40
49.70
25.00
25.30
42.60
26.20
31.20
44.60
27.40
28.00
39.20
29.40
31.40
49.20
25.00
25.80
49.10
25.00
25.90
36.70
27.60
35.70
49.60
25.10
25.30
40.60
25.20
34.20
44.10
25.40
30.50
48.50
25.40
26.10
37.00
29.30
33.70
42.10
27.10
30.80
39.30
29.70
31.00
47.90
25.00
27.10
48.10
25.00
26.90
48.00
25.50
26.50
36.50
29.10
34.40
42.20
26.00
31.80
40.40
27.80
31.80
