//Number of items      
249
//Bin Capacity         
100.00
//Known Best Solution  
83
//Weight of Item		  
40.10
25.70
34.20
44.90
25.50
29.60
35.90
25.70
38.40
42.80
25.50
31.70
42.60
27.50
29.90
42.30
27.20
30.50
35.30
26.50
38.20
36.00
30.20
33.80
43.70
28.00
28.30
43.30
28.20
28.50
42.20
25.20
32.60
42.00
28.00
30.00
36.20
28.00
35.80
45.10
25.50
29.40
39.20
26.80
34.00
41.10
29.30
29.60
41.00
26.50
32.50
47.60
25.90
26.50
36.10
26.10
37.80
45.00
25.60
29.40
44.90
26.20
28.90
47.20
25.50
27.30
47.40
25.30
27.30
43.20
27.80
29.00
47.30
25.10
27.60
35.60
27.00
37.40
46.40
25.70
27.90
46.10
26.40
27.50
44.40
27.40
28.20
40.50
29.00
30.50
39.40
25.40
35.20
39.70
29.40
30.90
48.80
25.20
26.00
44.20
25.50
30.30
41.20
26.80
32.00
38.20
25.60
36.20
46.60
25.10
28.30
45.50
27.10
27.40
35.60
32.00
32.40
49.30
25.20
25.50
38.60
25.50
35.90
49.50
25.20
25.30
49.70
25.00
25.30
46.70
25.80
27.50
45.40
25.70
28.90
39.50
27.40
33.10
46.20
26.00
27.80
40.60
28.00
31.40
42.00
26.40
31.60
40.40
28.50
31.10
41.40
25.60
33.00
42.40
27.10
30.50
45.10
25.50
29.40
41.40
29.20
29.40
39.90
27.20
32.90
47.60
25.50
26.90
45.30
26.60
28.10
38.00
27.40
34.60
37.80
30.60
31.60
48.30
25.60
26.10
47.30
25.70
27.00
40.30
25.50
34.20
42.40
28.10
29.50
48.90
25.50
25.60
48.60
25.30
26.10
46.60
26.00
27.40
40.60
27.50
31.90
45.50
26.10
28.40
43.30
25.30
31.40
48.20
25.30
26.50
35.80
31.80
32.40
37.20
30.70
32.10
35.30
31.30
33.40
40.30
28.10
31.60
39.60
26.40
34.00
39.10
25.30
35.60
41.70
25.10
33.20
41.00
26.40
32.60
41.30
26.90
31.80
36.40
29.10
34.50
45.90
26.10
28.00
42.30
27.00
30.70
45.60
26.60
27.80
