//Number of items      
249
//Bin Capacity         
100.00
//Known Best Solution  
83
//Weight of Item		  
41.90
27.50
30.60
42.70
25.10
32.20
49.60
25.00
25.40
37.00
31.20
31.80
47.80
25.50
26.70
40.40
27.30
32.30
44.20
26.80
29.00
41.00
27.40
31.60
46.60
26.30
27.10
46.20
26.70
27.10
36.60
30.80
32.60
48.70
25.10
26.20
46.80
26.10
27.10
41.30
27.30
31.40
44.60
25.80
29.60
47.50
25.10
27.40
44.50
27.50
28.00
45.80
26.00
28.20
36.10
28.60
35.30
48.50
25.60
25.90
42.40
27.10
30.50
40.30
25.00
34.70
47.60
25.60
26.80
49.90
25.00
25.10
40.50
26.30
33.20
46.60
25.00
28.40
48.40
25.60
26.00
42.30
25.90
31.80
37.80
28.70
33.50
39.60
28.90
31.50
46.90
25.30
27.80
38.90
26.90
34.20
48.70
25.30
26.00
49.20
25.30
25.50
48.80
25.40
25.80
41.70
26.30
32.00
47.10
25.10
27.80
37.70
28.40
33.90
49.60
25.10
25.30
46.70
25.10
28.20
40.90
25.00
34.10
45.00
25.20
29.80
48.80
25.20
26.00
45.90
26.40
27.70
46.80
25.80
27.40
40.60
28.90
30.50
48.20
25.70
26.10
48.90
25.40
25.70
41.90
26.10
32.00
43.90
27.00
29.10
35.00
31.30
33.70
37.70
27.00
35.30
42.00
25.40
32.60
42.70
28.50
28.80
45.40
26.90
27.70
47.20
26.20
26.60
46.40
25.50
28.10
42.70
25.50
31.80
44.80
25.30
29.90
36.30
31.30
32.40
35.30
29.10
35.60
48.40
25.20
26.40
48.40
25.60
26.00
42.50
26.60
30.90
41.70
25.20
33.10
46.40
25.60
28.00
43.40
27.30
29.30
44.20
27.80
28.00
45.70
26.30
28.00
49.80
25.00
25.20
49.30
25.20
25.50
41.80
27.00
31.20
46.90
26.00
27.10
40.10
29.60
30.30
46.70
25.60
27.70
44.10
27.60
28.30
47.00
25.90
27.10
45.20
26.40
28.40
44.20
25.90
29.90
46.00
26.10
27.90
47.40
25.60
27.00
40.50
27.00
32.50
43.20
27.20
29.60
