//Number of items      
249
//Bin Capacity         
100.00
//Known Best Solution  
83
//Weight of Item		  
40.00
25.10
34.90
39.80
26.30
33.90
39.50
27.90
32.60
48.10
25.50
26.40
36.30
29.00
34.70
45.90
26.50
27.60
40.80
28.70
30.50
48.50
25.50
26.00
40.90
28.40
30.70
44.80
25.70
29.50
46.10
26.70
27.20
47.40
26.10
26.50
41.80
28.00
30.20
48.60
25.00
26.40
37.70
26.40
35.90
35.20
29.60
35.20
38.50
30.20
31.30
42.20
26.00
31.80
36.00
27.50
36.50
47.70
25.20
27.10
49.20
25.00
25.80
39.30
28.80
31.90
39.70
25.50
34.80
36.20
27.20
36.60
45.80
26.50
27.70
49.20
25.00
25.80
43.60
26.10
30.30
45.50
26.10
28.40
37.10
30.80
32.10
39.80
28.70
31.50
44.90
25.90
29.20
38.90
29.90
31.20
39.90
27.70
32.40
45.00
26.30
28.70
44.10
25.00
30.90
42.40
27.10
30.50
47.10
25.40
27.50
38.30
29.40
32.30
37.40
30.00
32.60
44.50
26.40
29.10
40.50
29.20
30.30
39.30
29.40
31.30
47.20
25.00
27.80
48.70
25.10
26.20
43.70
25.30
31.00
48.10
25.00
26.90
41.00
29.40
29.60
49.30
25.10
25.60
37.40
27.40
35.20
45.90
26.00
28.10
48.80
25.10
26.10
48.50
25.00
26.50
45.70
25.50
28.80
48.00
25.70
26.30
35.80
26.90
37.30
41.60
28.40
30.00
35.40
28.90
35.70
37.40
29.60
33.00
35.00
26.00
39.00
43.40
26.50
30.10
46.10
26.00
27.90
46.50
26.10
27.40
45.20
26.90
27.90
39.60
28.00
32.40
37.70
26.10
36.20
43.60
27.40
29.00
47.10
25.40
27.50
47.50
25.70
26.80
47.70
25.30
27.00
49.40
25.20
25.40
44.30
25.20
30.50
41.50
28.10
30.40
38.90
26.60
34.50
44.00
26.70
29.30
48.90
25.10
26.00
48.30
25.40
26.30
36.60
25.10
38.30
47.30
26.10
26.60
47.70
25.70
26.60
49.90
25.00
25.10
47.50
25.80
26.70
46.10
26.00
27.90
40.20
26.90
32.90
