//Number of items      
501
//Bin Capacity         
100.00
//Known Best Solution  
167
//Weight of Item		  
47.40
25.40
27.20
36.80
30.50
32.70
46.00
25.20
28.80
37.30
31.20
31.50
44.10
25.40
30.50
40.60
26.20
33.20
36.00
30.70
33.30
42.60
25.20
32.20
43.90
25.20
30.90
44.40
26.50
29.10
49.70
25.00
25.30
36.00
27.40
36.60
35.00
25.40
39.60
39.50
25.40
35.10
43.70
26.40
29.90
41.70
28.40
29.90
48.30
25.40
26.30
48.60
25.40
26.00
41.70
27.90
30.40
38.60
28.40
33.00
45.50
25.70
28.80
47.40
26.00
26.60
41.20
25.30
33.50
46.30
25.00
28.70
44.90
25.60
29.50
41.70
28.90
29.40
43.10
27.20
29.70
48.80
25.20
26.00
46.80
25.90
27.30
36.60
30.70
32.70
49.80
25.00
25.20
41.70
25.10
33.20
40.00
29.00
31.00
45.40
26.90
27.70
41.80
28.60
29.60
35.00
28.30
36.70
48.50
25.40
26.10
43.80
27.70
28.50
42.90
25.60
31.50
36.40
26.00
37.60
38.70
25.20
36.10
43.10
26.30
30.60
38.10
28.80
33.10
36.30
26.70
37.00
48.10
25.30
26.60
48.50
25.60
25.90
41.60
27.10
31.30
49.70
25.00
25.30
44.20
26.40
29.40
48.20
25.70
26.10
46.90
25.30
27.80
42.00
26.00
32.00
46.20
25.40
28.40
47.20
25.00
27.80
45.30
26.70
28.00
49.20
25.00
25.80
37.20
30.50
32.30
48.40
25.30
26.30
37.00
29.20
33.80
36.80
29.40
33.80
37.60
30.00
32.40
48.50
25.20
26.30
41.70
26.50
31.80
38.00
30.30
31.70
37.90
29.00
33.10
37.90
29.00
33.10
44.60
25.20
30.20
44.70
26.80
28.50
47.60
25.70
26.70
41.30
29.10
29.60
39.20
28.00
32.80
36.60
28.90
34.50
37.00
25.00
38.00
36.00
25.60
38.40
37.10
29.70
33.20
37.70
26.20
36.10
41.70
27.30
31.00
35.50
31.20
33.30
35.70
26.10
38.20
40.40
28.20
31.40
38.30
26.00
35.70
47.20
25.30
27.50
45.90
25.30
28.80
42.90
28.20
28.90
37.70
28.80
33.50
41.70
27.00
31.30
39.60
29.20
31.20
39.00
29.40
31.60
40.20
28.00
31.80
43.40
25.40
31.20
43.60
26.50
29.90
45.60
26.70
27.70
43.50
27.60
28.90
46.30
26.10
27.60
47.30
25.80
26.90
40.30
25.70
34.00
40.40
26.70
32.90
48.90
25.00
26.10
40.10
29.40
30.50
36.00
27.00
37.00
44.60
25.70
29.70
35.00
25.00
40.00
47.10
25.60
27.30
46.20
26.10
27.70
38.20
30.60
31.20
39.20
25.50
35.30
37.40
31.20
31.40
36.20
26.00
37.80
39.50
27.90
32.60
42.20
27.30
30.50
47.70
25.90
26.40
45.90
26.10
28.00
35.60
26.10
38.30
46.60
25.00
28.40
45.70
26.90
27.40
35.60
25.70
38.70
36.40
28.00
35.60
42.00
25.60
32.40
46.00
25.70
28.30
35.70
29.30
35.00
45.20
27.20
27.60
38.10
26.40
35.50
43.70
27.70
28.60
45.30
26.50
28.20
43.70
27.80
28.50
49.80
25.00
25.20
38.20
26.60
35.20
45.40
26.80
27.80
43.00
26.50
30.50
46.70
26.10
27.20
38.30
29.90
31.80
48.10
25.70
26.20
46.70
25.90
27.40
45.00
25.90
29.10
42.60
25.90
31.50
41.90
25.90
32.20
40.70
29.50
29.80
39.00
28.90
32.10
41.10
25.50
33.40
38.40
26.50
35.10
41.30
27.90
30.80
45.80
25.90
28.30
41.20
26.30
32.50
35.20
30.70
34.10
47.00
26.40
26.60
41.80
26.80
31.40
41.50
28.90
29.60
42.90
26.80
30.30
44.70
25.30
30.00
48.40
25.50
26.10
43.20
25.20
31.60
38.70
28.00
33.30
43.20
25.60
31.20
44.80
27.50
27.70
47.20
25.00
27.80
41.10
25.50
33.40
40.60
29.60
29.80
49.00
25.00
26.00
47.20
25.80
27.00
37.20
25.90
36.90
44.00
27.60
28.40
46.90
26.00
27.10
47.80
25.10
27.10
39.20
28.40
32.40
49.60
25.10
25.30
46.10
26.30
27.60
48.90
25.40
25.70
