//Number of items      
501
//Bin Capacity         
100.00
//Known Best Solution  
167
//Weight of Item		  
49.70
25.00
25.30
35.40
31.30
33.30
47.90
25.90
26.20
41.60
28.90
29.50
41.30
28.50
30.20
41.00
25.50
33.50
47.00
25.70
27.30
35.70
27.40
36.90
36.10
26.90
37.00
39.20
29.30
31.50
43.50
26.80
29.70
47.50
26.00
26.50
40.80
28.90
30.30
40.80
27.00
32.20
35.30
32.20
32.50
35.30
29.40
35.30
41.80
28.40
29.80
37.80
28.10
34.10
39.20
30.10
30.70
48.90
25.40
25.70
48.60
25.30
26.10
39.20
30.20
30.60
36.50
28.00
35.50
44.00
27.40
28.60
41.40
28.10
30.50
37.40
30.00
32.60
37.60
25.70
36.70
45.70
26.00
28.30
41.70
29.00
29.30
47.50
26.10
26.40
36.00
28.20
35.80
38.40
29.10
32.50
46.80
26.50
26.70
45.50
25.90
28.60
48.00
25.20
26.80
37.10
29.10
33.80
39.50
28.70
31.80
37.60
27.10
35.30
38.30
29.90
31.80
37.70
26.60
35.70
38.20
28.80
33.00
49.40
25.20
25.40
46.50
25.20
28.30
39.90
27.50
32.60
41.60
26.80
31.60
47.40
25.40
27.20
46.60
26.30
27.10
36.90
28.10
35.00
47.70
25.60
26.70
46.30
26.40
27.30
42.30
27.20
30.50
35.90
30.10
34.00
49.40
25.10
25.50
46.60
26.10
27.30
43.40
25.40
31.20
41.90
28.80
29.30
49.90
25.00
25.10
46.90
25.40
27.70
35.20
31.60
33.20
42.60
25.20
32.20
40.70
27.10
32.20
42.80
26.00
31.20
47.60
25.70
26.70
38.70
25.40
35.90
35.00
28.10
36.90
45.20
25.20
29.60
37.50
29.90
32.60
39.40
27.80
32.80
46.00
26.70
27.30
36.40
25.80
37.80
40.80
26.70
32.50
49.50
25.00
25.50
37.90
28.70
33.40
43.90
25.90
30.20
38.70
28.70
32.60
37.30
25.60
37.10
46.50
26.10
27.40
46.30
26.50
27.20
36.70
28.40
34.90
41.00
29.10
29.90
43.50
27.60
28.90
43.80
25.80
30.40
39.80
28.70
31.50
37.50
27.00
35.50
40.00
25.50
34.50
46.20
25.50
28.30
37.70
28.60
33.70
48.50
25.20
26.30
36.80
25.90
37.30
42.30
27.50
30.20
44.90
27.20
27.90
39.70
28.10
32.20
45.30
25.20
29.50
43.40
26.60
30.00
41.90
27.90
30.20
43.50
25.40
31.10
45.00
27.20
27.80
38.20
27.20
34.60
43.70
25.10
31.20
43.80
25.80
30.40
43.40
25.80
30.80
40.70
29.60
29.70
41.70
26.10
32.20
36.90
31.10
32.00
47.90
25.00
27.10
43.50
27.80
28.70
44.30
26.60
29.10
42.50
25.20
32.30
37.80
26.70
35.50
44.80
26.50
28.70
49.80
25.00
25.20
35.60
29.90
34.50
40.90
27.70
31.40
36.90
26.30
36.80
43.70
26.20
30.10
48.90
25.20
25.90
37.30
28.70
34.00
38.20
29.20
32.60
39.60
29.50
30.90
38.60
28.70
32.70
35.10
25.70
39.20
43.80
25.50
30.70
44.40
25.30
30.30
47.50
25.50
27.00
41.20
25.30
33.50
37.60
30.50
31.90
38.40
25.60
36.00
37.10
26.90
36.00
45.80
26.50
27.70
35.60
28.40
36.00
48.70
25.10
26.20
35.90
28.20
35.90
40.80
26.30
32.90
44.30
26.40
29.30
46.60
26.60
26.80
49.20
25.30
25.50
42.60
25.00
32.40
38.00
27.20
34.80
45.40
25.10
29.50
42.10
25.40
32.50
43.20
26.20
30.60
39.10
26.00
34.90
39.10
26.30
34.60
47.30
25.00
27.70
44.10
26.40
29.50
47.30
25.70
27.00
42.80
26.70
30.50
44.10
26.60
29.30
44.70
27.30
28.00
44.30
25.40
30.30
46.20
26.10
27.70
38.30
28.60
33.10
37.60
28.20
34.20
45.40
26.90
27.70
40.20
27.30
32.50
44.60
25.80
29.60
49.70
25.00
25.30
41.00
25.40
33.60
44.50
25.80
29.70
46.60
25.70
27.70
44.00
26.10
29.90
38.20
28.30
33.50
44.00
25.90
30.10
42.90
25.80
31.30
35.20
31.80
33.00
45.20
25.50
29.30
42.80
25.30
31.90
