//Number of items      
501
//Bin Capacity         
100.00
//Known Best Solution  
167
//Weight of Item		  
37.30
30.10
32.60
46.60
25.20
28.20
39.50
27.10
33.40
49.80
25.00
25.20
47.00
25.00
28.00
42.30
26.60
31.10
45.50
26.00
28.50
41.70
27.40
30.90
48.80
25.00
26.20
41.40
25.50
33.10
44.40
26.00
29.60
49.40
25.20
25.40
43.40
28.10
28.50
44.80
26.80
28.40
46.30
26.30
27.40
46.70
25.50
27.80
42.40
28.30
29.30
38.30
26.00
35.70
42.90
26.50
30.60
37.50
30.00
32.50
48.10
25.00
26.90
38.10
28.50
33.40
42.90
26.60
30.50
41.20
28.60
30.20
40.20
25.80
34.00
40.20
29.30
30.50
45.40
25.90
28.70
43.80
27.30
28.90
46.70
26.20
27.10
40.20
28.30
31.50
42.80
27.50
29.70
44.50
25.70
29.80
35.90
27.30
36.80
40.50
25.30
34.20
40.40
29.40
30.20
46.10
26.10
27.80
35.70
26.40
37.90
45.40
26.50
28.10
36.70
29.90
33.40
49.70
25.00
25.30
43.80
26.80
29.40
43.80
27.90
28.30
36.70
26.70
36.60
45.90
25.00
29.10
45.10
26.60
28.30
48.00
25.20
26.80
44.10
25.00
30.90
42.50
26.20
31.30
43.80
26.10
30.10
37.50
29.80
32.70
43.50
26.20
30.30
43.90
26.00
30.10
37.00
27.70
35.30
47.70
25.00
27.30
46.30
25.10
28.60
42.30
27.70
30.00
37.90
26.40
35.70
35.90
27.00
37.10
37.30
30.40
32.30
41.90
26.50
31.60
39.50
28.80
31.70
41.20
27.10
31.70
38.80
26.20
35.00
44.00
27.90
28.10
44.10
26.00
29.90
45.80
25.80
28.40
39.00
25.20
35.80
38.40
28.60
33.00
49.90
25.00
25.10
49.80
25.00
25.20
49.90
25.00
25.10
45.90
26.40
27.70
39.80
25.80
34.40
38.50
28.80
32.70
44.90
25.90
29.20
44.70
26.10
29.20
37.20
25.10
37.70
49.60
25.10
25.30
35.70
27.40
36.90
37.20
27.10
35.70
37.30
28.20
34.50
46.20
26.10
27.70
49.10
25.10
25.80
46.00
26.30
27.70
35.30
30.20
34.50
48.20
25.80
26.00
46.80
25.90
27.30
36.20
30.60
33.20
42.00
25.90
32.10
36.20
29.30
34.50
44.40
26.90
28.70
49.40
25.20
25.40
35.70
30.20
34.10
42.20
28.50
29.30
48.30
25.40
26.30
47.10
25.10
27.80
46.00
25.50
28.50
44.30
27.40
28.30
46.80
25.80
27.40
37.60
30.10
32.30
47.90
25.70
26.40
37.10
31.30
31.60
43.40
27.20
29.40
45.20
26.00
28.80
47.20
25.10
27.70
38.60
25.20
36.20
46.00
25.70
28.30
43.10
28.10
28.80
36.30
28.20
35.50
36.20
30.80
33.00
44.40
25.10
30.50
43.80
27.50
28.70
46.40
26.10
27.50
41.20
25.00
33.80
39.00
29.50
31.50
42.30
28.30
29.40
42.30
27.10
30.60
38.00
27.40
34.60
43.30
25.90
30.80
45.40
25.20
29.40
42.30
25.00
32.70
42.80
25.50
31.70
44.20
25.70
30.10
46.50
26.50
27.00
41.10
29.00
29.90
45.10
27.10
27.80
36.00
27.50
36.50
45.70
26.90
27.40
46.20
26.60
27.20
47.20
25.70
27.10
46.20
26.30
27.50
40.00
26.40
33.60
46.40
26.60
27.00
44.50
25.70
29.80
47.70
25.70
26.60
49.80
25.00
25.20
37.50
30.80
31.70
45.10
25.60
29.30
41.30
27.10
31.60
40.80
28.50
30.70
44.60
26.20
29.20
48.50
25.00
26.50
47.60
25.90
26.50
46.20
26.30
27.50
36.80
26.30
36.90
47.60
25.50
26.90
35.20
29.70
35.10
35.00
32.30
32.70
49.30
25.20
25.50
36.90
29.20
33.90
40.50
25.90
33.60
37.70
28.10
34.20
46.10
25.00
28.90
46.20
25.40
28.40
42.50
26.30
31.20
35.80
30.70
33.50
45.30
25.60
29.10
40.20
29.30
30.50
43.30
26.70
30.00
36.90
28.30
34.80
36.20
28.40
35.40
36.20
27.00
36.80
42.60
26.20
31.20
38.20
26.60
35.20
46.40
25.80
27.80
43.90
27.10
29.00
43.10
25.10
31.80
