//Number of items      
501
//Bin Capacity         
100.00
//Known Best Solution  
167
//Weight of Item		  
37.70
29.70
32.60
46.40
25.10
28.50
46.00
26.20
27.80
40.60
25.90
33.50
37.30
27.90
34.80
45.20
25.00
29.80
47.00
25.40
27.60
47.60
25.70
26.70
46.60
25.50
27.90
47.90
25.00
27.10
45.30
25.40
29.30
46.40
25.90
27.70
41.00
27.20
31.80
37.70
25.90
36.40
46.20
25.10
28.70
35.20
29.10
35.70
37.40
27.80
34.80
35.40
26.70
37.90
41.20
27.00
31.80
38.30
29.60
32.10
42.80
26.70
30.50
43.10
26.00
30.90
47.00
25.80
27.20
43.50
25.90
30.60
47.10
26.00
26.90
48.00
25.70
26.30
49.20
25.00
25.80
49.80
25.00
25.20
42.90
26.90
30.20
43.00
27.50
29.50
38.50
29.70
31.80
37.80
25.20
37.00
39.50
27.50
33.00
48.40
25.20
26.40
36.30
31.20
32.50
47.90
25.60
26.50
39.50
26.10
34.40
43.50
25.30
31.20
45.30
26.90
27.80
46.90
25.20
27.90
46.60
25.70
27.70
35.40
30.20
34.40
44.00
25.70
30.30
37.50
28.50
34.00
37.90
27.60
34.50
45.10
25.20
29.70
49.10
25.10
25.80
35.10
31.90
33.00
44.50
26.10
29.40
45.80
25.50
28.70
46.20
26.60
27.20
48.50
25.50
26.00
39.40
26.20
34.40
48.40
25.60
26.00
42.40
28.70
28.90
41.20
25.70
33.10
38.70
25.80
35.50
47.20
25.50
27.30
48.80
25.10
26.10
35.10
28.30
36.60
40.60
26.60
32.80
49.50
25.10
25.40
43.30
25.90
30.80
39.70
25.70
34.60
36.20
29.20
34.60
37.00
28.20
34.80
39.20
28.90
31.90
37.60
26.20
36.20
45.80
25.80
28.40
43.70
25.00
31.30
44.10
27.60
28.30
49.00
25.20
25.80
48.40
25.40
26.20
49.90
25.00
25.10
41.40
28.40
30.20
39.20
29.30
31.50
40.60
25.00
34.40
47.70
25.90
26.40
46.80
26.30
26.90
49.10
25.00
25.90
46.80
25.80
27.40
36.00
26.60
37.40
48.20
25.50
26.30
44.60
25.00
30.40
37.10
28.80
34.10
45.20
26.60
28.20
37.00
28.90
34.10
42.40
25.60
32.00
41.50
26.90
31.60
47.20
25.40
27.40
48.00
25.20
26.80
41.10
29.10
29.80
40.50
26.90
32.60
48.00
25.20
26.80
41.60
26.20
32.20
46.10
25.70
28.20
46.70
25.20
28.10
37.30
26.70
36.00
44.90
27.20
27.90
39.30
28.80
31.90
44.60
25.80
29.60
43.10
27.50
29.40
35.30
30.80
33.90
41.10
25.00
33.90
37.10
28.60
34.30
35.40
25.20
39.40
40.70
25.10
34.20
46.80
25.90
27.30
37.10
30.00
32.90
47.10
25.10
27.80
48.90
25.20
25.90
35.70
27.60
36.70
46.10
25.60
28.30
46.00
25.90
28.10
47.30
26.20
26.50
39.70
26.40
33.90
49.00
25.40
25.60
48.60
25.10
26.30
48.20
25.60
26.20
36.30
31.40
32.30
48.90
25.30
25.80
37.00
26.50
36.50
38.10
29.00
32.90
45.40
26.30
28.30
48.00
25.00
27.00
48.10
25.70
26.20
48.00
25.60
26.40
35.40
27.70
36.90
36.90
27.60
35.50
42.70
25.80
31.50
43.50
26.20
30.30
42.80
25.30
31.90
38.20
25.70
36.10
38.80
25.80
35.40
36.10
27.10
36.80
37.10
27.30
35.60
37.50
28.10
34.40
44.30
26.10
29.60
38.60
27.30
34.10
44.20
27.10
28.70
38.60
25.10
36.30
46.50
25.00
28.50
41.50
28.20
30.30
47.30
25.50
27.20
48.60
25.10
26.30
37.00
28.50
34.50
45.40
25.20
29.40
37.10
25.50
37.40
46.70
25.70
27.60
46.20
26.70
27.10
37.40
27.10
35.50
44.80
26.50
28.70
49.40
25.20
25.40
43.50
27.40
29.10
35.30
26.30
38.40
41.80
26.40
31.80
46.80
25.10
28.10
46.10
26.20
27.70
40.40
28.70
30.90
44.10
26.60
29.30
46.60
25.30
28.10
42.50
26.10
31.40
37.90
30.20
31.90
39.60
28.90
31.50
40.40
27.60
32.00
41.60
27.30
31.10
46.70
25.70
27.60
