//Number of items      
501
//Bin Capacity         
100.00
//Known Best Solution  
167
//Weight of Item		  
36.30
27.40
36.30
36.40
29.10
34.50
39.60
27.40
33.00
44.30
27.70
28.00
47.70
25.90
26.40
41.40
28.20
30.40
43.50
26.50
30.00
41.70
28.30
30.00
46.70
25.20
28.10
38.30
25.30
36.40
42.00
25.70
32.30
49.80
25.00
25.20
45.20
26.70
28.10
47.90
25.70
26.40
36.20
27.80
36.00
36.40
26.00
37.60
39.90
26.70
33.40
44.10
26.10
29.80
38.90
28.20
32.90
38.60
26.10
35.30
39.80
27.00
33.20
45.90
26.60
27.50
37.40
28.00
34.60
41.80
27.70
30.50
45.80
26.30
27.90
48.20
25.30
26.50
36.20
31.30
32.50
48.70
25.00
26.30
42.10
26.50
31.40
35.20
31.40
33.40
45.60
25.90
28.50
39.40
29.80
30.80
46.50
25.70
27.80
42.70
25.60
31.70
35.50
30.10
34.40
47.40
25.20
27.40
47.00
26.20
26.80
44.80
25.10
30.10
39.90
25.20
34.90
49.70
25.00
25.30
38.10
29.80
32.10
40.70
27.70
31.60
43.50
26.10
30.40
43.90
27.30
28.80
35.70
27.40
36.90
37.40
25.40
37.20
38.70
27.40
33.90
43.00
27.40
29.60
41.30
27.60
31.10
46.50
25.70
27.80
45.70
25.20
29.10
35.80
30.50
33.70
45.60
26.40
28.00
48.60
25.00
26.40
39.30
27.10
33.60
37.60
29.90
32.50
46.50
26.60
26.90
36.40
31.70
31.90
46.70
25.80
27.50
40.40
27.90
31.70
39.70
29.60
30.70
40.30
27.40
32.30
38.40
28.50
33.10
37.70
30.10
32.20
36.20
28.60
35.20
42.60
27.30
30.10
41.40
25.70
32.90
41.30
28.30
30.40
35.30
27.10
37.60
42.60
25.00
32.40
39.00
27.10
33.90
36.20
26.00
37.80
35.40
26.50
38.10
48.00
25.60
26.40
35.60
28.80
35.60
38.80
25.20
36.00
42.70
25.00
32.30
36.80
29.30
33.90
36.00
31.40
32.60
37.00
28.10
34.90
38.20
27.70
34.10
49.00
25.20
25.80
39.30
28.10
32.60
45.10
26.20
28.70
49.40
25.20
25.40
40.90
28.30
30.80
37.50
28.10
34.40
47.90
25.90
26.20
43.40
27.80
28.80
36.80
29.50
33.70
40.20
25.80
34.00
40.50
27.10
32.40
39.30
30.00
30.70
42.60
27.60
29.80
40.50
26.90
32.60
45.20
26.10
28.70
42.10
27.90
30.00
36.50
29.80
33.70
36.70
25.80
37.50
39.90
28.90
31.20
46.70
25.10
28.20
37.60
27.90
34.50
35.20
30.90
33.90
43.00
28.30
28.70
35.20
31.40
33.40
35.20
25.10
39.70
48.00
25.00
27.00
42.80
26.10
31.10
44.80
25.70
29.50
49.80
25.00
25.20
41.90
26.30
31.80
42.40
26.30
31.30
49.00
25.10
25.90
48.60
25.20
26.20
41.00
25.10
33.90
44.00
25.50
30.50
42.70
26.60
30.70
47.80
25.00
27.20
44.00
25.80
30.20
47.60
25.60
26.80
36.80
25.20
38.00
47.40
26.10
26.50
47.30
26.00
26.70
44.00
27.80
28.20
42.70
26.70
30.60
38.80
27.50
33.70
47.30
25.30
27.40
39.50
29.50
31.00
40.80
27.40
31.80
41.30
28.30
30.40
45.40
25.30
29.30
37.80
29.50
32.70
39.20
29.60
31.20
46.80
25.50
27.70
46.80
25.30
27.90
40.10
28.60
31.30
42.50
28.60
28.90
37.50
25.20
37.30
48.70
25.10
26.20
40.90
25.50
33.60
44.50
25.40
30.10
44.80
26.50
28.70
49.70
25.00
25.30
41.60
26.20
32.20
46.60
25.10
28.30
40.40
27.20
32.40
49.40
25.20
25.40
49.30
25.10
25.60
36.00
29.90
34.10
44.70
27.40
27.90
36.40
27.80
35.80
46.80
25.30
27.90
40.40
27.30
32.30
38.20
30.00
31.80
38.90
25.20
35.90
46.40
26.50
27.10
49.10
25.10
25.80
41.50
28.80
29.70
45.50
25.60
28.90
48.40
25.60
26.00
46.70
25.70
27.60
35.90
29.10
35.00
42.90
26.10
31.00
38.80
30.00
31.20
42.30
28.50
29.20
36.70
27.60
35.70
49.90
25.00
25.10
