//Number of items      
501
//Bin Capacity         
100.00
//Known Best Solution  
167
//Weight of Item		  
44.10
27.00
28.90
47.70
26.00
26.30
46.00
26.70
27.30
39.20
25.30
35.50
45.60
25.00
29.40
40.20
28.70
31.10
36.30
30.50
33.20
44.80
26.90
28.30
43.00
25.60
31.40
37.60
25.00
37.40
43.30
25.10
31.60
36.80
28.00
35.20
40.80
25.10
34.10
42.80
26.30
30.90
42.10
27.60
30.30
43.00
25.10
31.90
48.60
25.10
26.30
38.10
25.00
36.90
40.40
25.30
34.30
47.00
25.80
27.20
39.50
28.80
31.70
43.30
27.20
29.50
43.40
28.00
28.60
47.00
25.00
28.00
49.20
25.30
25.50
48.30
25.10
26.60
45.20
26.80
28.00
38.50
27.10
34.40
48.40
25.70
25.90
48.40
25.60
26.00
44.20
26.80
29.00
46.20
25.60
28.20
45.10
25.60
29.30
37.00
27.30
35.70
36.60
28.90
34.50
46.50
26.40
27.10
45.70
26.90
27.40
38.00
29.50
32.50
42.90
26.30
30.80
39.10
25.50
35.40
49.10
25.00
25.90
46.60
26.60
26.80
40.80
27.40
31.80
45.40
27.00
27.60
40.00
29.10
30.90
40.70
28.50
30.80
49.40
25.00
25.60
38.30
27.70
34.00
37.50
28.00
34.50
45.60
25.80
28.60
41.00
26.00
33.00
39.20
28.00
32.80
47.90
25.30
26.80
40.30
25.00
34.70
47.90
25.00
27.10
48.90
25.30
25.80
49.30
25.00
25.70
39.30
30.10
30.60
44.60
25.90
29.50
41.50
25.30
33.20
49.20
25.10
25.70
41.70
25.80
32.50
46.30
26.60
27.10
48.00
25.40
26.60
35.90
26.90
37.20
46.50
26.20
27.30
44.90
26.20
28.90
37.40
28.60
34.00
46.70
25.60
27.70
43.80
25.30
30.90
39.70
29.10
31.20
37.10
31.10
31.80
46.50
25.30
28.20
45.00
25.00
30.00
41.60
27.70
30.70
39.00
29.00
32.00
37.50
30.10
32.40
42.30
28.40
29.30
36.70
29.70
33.60
38.20
29.00
32.80
39.60
29.80
30.60
49.30
25.00
25.70
36.40
26.70
36.90
36.60
28.40
35.00
49.50
25.00
25.50
43.30
26.70
30.00
44.50
26.50
29.00
47.70
26.00
26.30
35.50
29.60
34.90
45.00
26.00
29.00
39.10
26.40
34.50
38.80
26.10
35.10
41.70
28.10
30.20
47.90
25.70
26.40
38.40
26.50
35.10
40.70
28.40
30.90
36.00
26.60
37.40
45.20
27.20
27.60
38.20
27.80
34.00
37.80
27.90
34.30
39.40
26.20
34.40
41.90
28.60
29.50
38.80
29.60
31.60
47.00
25.10
27.90
40.40
29.60
30.00
45.80
25.20
29.00
35.00
27.40
37.60
41.40
27.90
30.70
49.90
25.00
25.10
42.80
26.80
30.40
40.30
26.60
33.10
39.10
28.30
32.60
47.70
25.10
27.20
39.40
26.90
33.70
44.90
25.10
30.00
46.10
25.20
28.70
36.10
26.80
37.10
47.50
25.40
27.10
36.70
30.80
32.50
42.10
27.60
30.30
46.50
25.70
27.80
49.70
25.00
25.30
46.90
25.50
27.60
49.90
25.00
25.10
36.90
25.90
37.20
39.50
26.20
34.30
42.70
27.30
30.00
40.50
29.00
30.50
41.60
25.60
32.80
43.10
26.00
30.90
45.50
27.10
27.40
43.70
25.30
31.00
47.10
25.60
27.30
39.90
29.50
30.60
42.10
25.50
32.40
40.90
25.60
33.50
37.10
26.50
36.40
35.40
31.10
33.50
43.70
25.10
31.20
35.00
30.60
34.40
41.20
28.90
29.90
37.00
28.70
34.30
46.60
26.30
27.10
47.00
26.30
26.70
36.00
31.80
32.20
36.10
30.40
33.50
46.60
26.30
27.10
35.70
28.80
35.50
39.20
29.10
31.70
42.90
25.90
31.20
36.60
30.10
33.30
42.00
28.90
29.10
46.70
26.10
27.20
39.70
26.30
34.00
43.10
25.20
31.70
49.40
25.10
25.50
44.60
27.20
28.20
40.80
25.70
33.50
36.80
27.30
35.90
43.50
26.60
29.90
35.70
27.40
36.90
37.60
26.30
36.10
35.20
28.40
36.40
37.20
30.00
32.80
48.70
25.10
26.20
47.70
25.70
26.60
43.10
28.10
28.80
