//Number of items      
501
//Bin Capacity         
100.00
//Known Best Solution  
167
//Weight of Item		  
47.00
26.30
26.70
43.50
26.30
30.20
40.30
25.50
34.20
46.10
26.40
27.50
38.70
29.40
31.90
43.70
26.40
29.90
45.30
26.40
28.30
37.30
29.60
33.10
38.30
29.40
32.30
49.50
25.20
25.30
37.90
30.90
31.20
45.00
25.20
29.80
49.30
25.00
25.70
46.00
25.40
28.60
38.10
29.00
32.90
40.50
25.50
34.00
45.40
26.30
28.30
38.80
28.00
33.20
42.10
25.40
32.50
42.80
27.90
29.30
36.70
27.20
36.10
35.50
31.00
33.50
37.50
25.00
37.50
39.40
27.90
32.70
46.20
26.30
27.50
45.40
26.90
27.70
45.30
27.20
27.50
44.70
26.10
29.20
38.50
25.60
35.90
46.30
25.10
28.60
42.10
26.30
31.60
46.20
26.80
27.00
49.80
25.00
25.20
36.10
26.80
37.10
47.30
25.30
27.40
37.90
27.00
35.10
39.70
26.40
33.90
47.10
25.60
27.30
41.60
27.50
30.90
35.60
29.60
34.80
43.60
26.30
30.10
48.50
25.10
26.40
49.50
25.10
25.40
45.60
26.40
28.00
40.30
26.10
33.60
37.40
27.20
35.40
42.40
25.30
32.30
45.30
25.60
29.10
48.00
25.20
26.80
35.20
31.40
33.40
43.10
28.00
28.90
44.60
25.00
30.40
49.10
25.30
25.60
48.70
25.00
26.30
45.60
26.80
27.60
44.30
26.60
29.10
40.10
27.80
32.10
40.20
28.50
31.30
48.00
25.90
26.10
47.80
25.30
26.90
40.10
25.20
34.70
41.50
26.60
31.90
40.50
27.10
32.40
47.90
25.70
26.40
47.70
25.30
27.00
47.80
25.80
26.40
38.00
29.80
32.20
47.50
25.70
26.80
48.40
25.40
26.20
36.50
27.00
36.50
38.30
29.60
32.10
36.10
25.40
38.50
46.70
25.70
27.60
36.10
27.80
36.10
36.30
27.30
36.40
35.60
27.50
36.90
45.00
25.60
29.40
49.60
25.00
25.40
35.80
30.90
33.30
44.10
25.80
30.10
49.10
25.30
25.60
38.30
28.70
33.00
42.50
25.40
32.10
35.20
30.10
34.70
44.20
25.20
30.60
41.40
25.60
33.00
39.20
27.90
32.90
48.10
25.10
26.80
49.60
25.10
25.30
49.70
25.00
25.30
46.80
25.50
27.70
42.10
28.60
29.30
48.60
25.50
25.90
42.10
25.30
32.60
47.90
25.10
27.00
41.50
26.20
32.30
46.50
26.50
27.00
36.40
28.40
35.20
42.30
28.30
29.40
49.90
25.00
25.10
38.20
26.00
35.80
36.50
29.90
33.60
36.10
27.50
36.40
43.30
27.60
29.10
38.20
29.60
32.20
37.40
28.60
34.00
37.20
29.10
33.70
42.90
28.10
29.00
45.80
27.00
27.20
39.30
28.50
32.20
42.00
28.70
29.30
42.60
25.40
32.00
49.70
25.00
25.30
35.20
28.90
35.90
46.10
26.10
27.80
42.10
27.40
30.50
44.90
26.50
28.60
47.50
25.20
27.30
48.10
25.30
26.60
36.40
28.10
35.50
44.20
26.10
29.70
36.10
26.70
37.20
45.90
25.90
28.20
49.00
25.40
25.60
35.70
30.90
33.40
36.50
25.40
38.10
42.90
25.90
31.20
45.30
25.70
29.00
49.70
25.00
25.30
44.70
26.00
29.30
42.00
25.40
32.60
39.80
26.50
33.70
39.80
26.40
33.80
40.00
28.10
31.90
38.20
30.20
31.60
36.30
27.70
36.00
36.20
27.00
36.80
39.50
30.00
30.50
45.10
25.30
29.60
37.90
30.90
31.20
48.90
25.30
25.80
41.20
27.70
31.10
39.50
29.60
30.90
37.20
26.60
36.20
39.10
30.10
30.80
39.60
26.70
33.70
48.30
25.50
26.20
37.30
26.00
36.70
48.30
25.00
26.70
48.60
25.50
25.90
41.30
28.60
30.10
37.90
27.10
35.00
46.20
25.00
28.80
45.60
26.40
28.00
35.90
25.40
38.70
44.00
26.20
29.80
47.50
25.00
27.50
42.10
25.80
32.10
37.90
25.30
36.80
40.40
25.30
34.30
40.70
26.30
33.00
35.70
27.60
36.70
38.30
25.20
36.50
36.50
29.00
34.50
44.20
25.30
30.50
41.30
28.00
30.70
47.00
25.20
27.80
