//Number of items      
501
//Bin Capacity         
100.00
//Known Best Solution  
167
//Weight of Item		  
45.70
26.80
27.50
44.90
25.10
30.00
49.50
25.00
25.50
49.30
25.10
25.60
47.60
25.00
27.40
38.90
25.30
35.80
45.70
26.40
27.90
49.70
25.00
25.30
48.50
25.40
26.10
38.50
26.30
35.20
42.20
26.10
31.70
42.60
25.90
31.50
36.80
25.10
38.10
47.40
25.10
27.50
41.30
29.00
29.70
45.50
26.40
28.10
37.90
25.30
36.80
45.70
25.20
29.10
43.90
26.60
29.50
37.00
26.20
36.80
41.50
25.10
33.40
35.70
30.80
33.50
35.80
29.60
34.60
43.40
26.60
30.00
36.30
31.20
32.50
39.00
26.10
34.90
41.80
28.60
29.60
46.50
26.30
27.20
44.40
25.70
29.90
48.70
25.30
26.00
46.30
26.50
27.20
49.80
25.00
25.20
42.00
25.10
32.90
44.10
27.20
28.70
48.70
25.10
26.20
46.60
25.40
28.00
41.20
28.90
29.90
40.70
26.90
32.40
38.70
29.80
31.50
39.50
28.70
31.80
35.20
30.90
33.90
38.80
27.50
33.70
45.70
25.90
28.40
37.30
28.60
34.10
42.20
25.30
32.50
49.20
25.20
25.60
49.30
25.20
25.50
45.00
25.40
29.60
35.40
32.10
32.50
47.00
25.50
27.50
36.90
27.20
35.90
49.50
25.00
25.50
45.50
26.50
28.00
37.50
30.00
32.50
46.10
26.30
27.60
45.40
26.00
28.60
43.70
25.00
31.30
38.60
26.60
34.80
35.80
26.50
37.70
37.90
28.20
33.90
45.60
26.50
27.90
46.50
25.80
27.70
38.70
27.30
34.00
38.00
29.10
32.90
45.20
26.00
28.80
42.60
26.10
31.30
45.50
25.70
28.80
47.20
25.00
27.80
42.80
27.40
29.80
49.50
25.00
25.50
49.40
25.00
25.60
39.50
29.00
31.50
39.10
25.60
35.30
40.70
26.80
32.50
44.60
25.20
30.20
43.50
25.80
30.70
47.00
25.60
27.40
47.30
26.10
26.60
37.30
29.30
33.40
42.70
26.50
30.80
35.00
29.80
35.20
39.80
25.20
35.00
36.80
25.20
38.00
41.70
28.40
29.90
38.00
29.00
33.00
41.00
28.70
30.30
43.30
26.90
29.80
39.10
25.70
35.20
41.70
28.80
29.50
45.60
26.20
28.20
37.50
28.70
33.80
35.00
27.20
37.80
47.70
25.70
26.60
36.50
26.60
36.90
43.30
26.50
30.20
36.40
28.80
34.80
39.90
25.30
34.80
39.10
28.00
32.90
46.80
26.40
26.80
38.40
26.50
35.10
43.80
27.00
29.20
37.30
26.90
35.80
38.10
27.30
34.60
49.80
25.00
25.20
39.30
27.60
33.10
38.80
26.70
34.50
42.90
26.60
30.50
48.40
25.50
26.10
47.20
25.90
26.90
35.50
26.80
37.70
43.70
26.60
29.70
41.00
29.20
29.80
48.60
25.50
25.90
41.50
29.10
29.40
47.00
26.10
26.90
44.40
25.90
29.70
41.70
26.60
31.70
43.80
27.80
28.40
39.10
28.20
32.70
47.70
25.30
27.00
45.50
25.80
28.70
45.70
26.90
27.40
35.60
30.60
33.80
40.60
26.20
33.20
37.00
29.30
33.70
48.60
25.00
26.40
43.60
25.40
31.00
36.70
31.50
31.80
37.00
30.60
32.40
47.10
25.00
27.90
45.50
25.50
29.00
35.00
27.60
37.40
44.50
27.20
28.30
37.30
27.00
35.70
37.10
30.20
32.70
45.30
26.40
28.30
48.80
25.50
25.70
47.30
25.30
27.40
36.10
27.30
36.60
45.00
26.20
28.80
37.70
27.80
34.50
38.80
25.80
35.40
36.80
27.10
36.10
45.30
25.00
29.70
39.40
28.60
32.00
38.80
29.00
32.20
42.40
25.60
32.00
39.40
29.40
31.20
45.90
26.60
27.50
40.90
27.40
31.70
37.80
25.30
36.90
38.90
25.10
36.00
46.50
25.40
28.10
38.80
29.40
31.80
47.90
25.40
26.70
44.30
27.50
28.20
35.70
25.30
39.00
42.70
27.10
30.20
46.40
26.70
26.90
44.30
26.70
29.00
36.80
25.30
37.90
48.00
25.70
26.30
44.40
26.20
29.40
46.00
25.40
28.60
37.00
26.20
36.80
42.60
26.90
30.50
45.00
25.80
29.20
