//Number of items      
501
//Bin Capacity         
100.00
//Known Best Solution  
167
//Weight of Item		  
36.90
27.40
35.70
37.70
26.50
35.80
43.10
25.40
31.50
46.70
25.80
27.50
44.10
25.90
30.00
37.60
29.60
32.80
36.00
25.80
38.20
39.20
28.40
32.40
38.50
28.00
33.50
45.30
26.90
27.80
46.90
26.20
26.90
38.30
25.60
36.10
39.80
29.00
31.20
40.80
25.50
33.70
37.90
29.10
33.00
41.70
26.20
32.10
42.90
28.00
29.10
39.70
28.30
32.00
46.50
26.00
27.50
43.00
27.40
29.60
37.10
26.70
36.20
41.40
28.50
30.10
46.10
26.80
27.10
39.10
29.20
31.70
39.50
28.80
31.70
42.20
26.30
31.50
41.80
26.70
31.50
45.50
26.70
27.80
43.60
27.40
29.00
41.20
27.50
31.30
37.30
31.20
31.50
46.20
25.80
28.00
44.50
25.30
30.20
35.90
29.60
34.50
42.00
28.90
29.10
39.30
30.00
30.70
45.80
26.80
27.40
37.60
28.50
33.90
37.40
29.20
33.40
46.20
25.30
28.50
41.90
25.50
32.60
44.90
26.20
28.90
36.40
28.90
34.70
41.40
26.40
32.20
46.30
26.10
27.60
42.60
25.20
32.20
35.60
25.80
38.60
36.80
25.50
37.70
40.90
28.20
30.90
37.40
31.00
31.60
44.30
26.40
29.30
42.30
27.80
29.90
44.20
26.90
28.90
49.00
25.30
25.70
40.10
29.70
30.20
42.60
25.60
31.80
41.90
28.50
29.60
43.80
28.00
28.20
46.50
25.80
27.70
38.40
27.00
34.60
38.00
29.50
32.50
35.10
29.70
35.20
48.80
25.10
26.10
48.50
25.60
25.90
36.70
30.50
32.80
36.50
30.70
32.80
37.40
29.60
33.00
37.30
26.10
36.60
49.10
25.10
25.80
38.30
25.00
36.70
46.40
25.10
28.50
47.40
25.30
27.30
45.70
25.40
28.90
48.00
25.40
26.60
36.90
26.20
36.90
36.80
25.90
37.30
42.30
28.60
29.10
49.20
25.30
25.50
45.40
26.90
27.70
47.80
25.60
26.60
45.00
26.60
28.40
37.10
29.10
33.80
40.90
28.80
30.30
39.00
25.30
35.70
47.10
25.40
27.50
44.90
25.10
30.00
45.40
26.80
27.80
47.00
25.40
27.60
40.00
25.50
34.50
42.80
25.20
32.00
38.10
26.70
35.20
37.10
27.00
35.90
48.50
25.20
26.30
45.30
25.60
29.10
43.30
27.00
29.70
49.00
25.00
26.00
49.60
25.00
25.40
45.10
27.10
27.80
46.80
25.20
28.00
36.00
28.30
35.70
39.40
29.70
30.90
48.80
25.50
25.70
35.70
27.80
36.50
41.30
25.30
33.40
47.10
25.90
27.00
37.80
25.30
36.90
43.30
28.30
28.40
41.00
27.80
31.20
44.10
27.50
28.40
39.90
28.20
31.90
44.80
26.70
28.50
37.80
28.00
34.20
38.30
27.80
33.90
37.50
30.20
32.30
39.70
25.30
35.00
43.30
28.00
28.70
39.80
26.10
34.10
42.90
28.20
28.90
47.30
25.70
27.00
41.40
26.60
32.00
48.30
25.60
26.10
46.30
25.20
28.50
35.20
30.30
34.50
36.00
25.50
38.50
38.50
28.90
32.60
41.70
28.50
29.80
45.90
26.50
27.60
40.40
28.20
31.40
35.90
27.90
36.20
45.90
26.70
27.40
35.90
30.00
34.10
39.90
27.10
33.00
41.70
25.70
32.60
36.40
25.70
37.90
39.40
25.30
35.30
36.00
26.00
38.00
48.30
25.30
26.40
49.80
25.00
25.20
47.90
25.80
26.30
35.80
26.10
38.10
40.90
26.50
32.60
35.10
28.60
36.30
39.60
26.60
33.80
49.80
25.00
25.20
43.40
25.00
31.60
40.90
27.10
32.00
41.30
26.20
32.50
45.40
26.70
27.90
49.90
25.00
25.10
35.70
28.80
35.50
38.20
26.80
35.00
43.20
25.50
31.30
47.50
25.70
26.80
45.10
27.00
27.90
36.70
25.50
37.80
40.70
27.80
31.50
36.20
25.20
38.60
38.40
27.00
34.60
37.10
29.70
33.20
37.30
27.50
35.20
44.90
25.40
29.70
49.50
25.10
25.40
45.20
26.70
28.10
37.90
30.10
32.00
45.10
26.20
28.70
35.90
28.10
36.00
36.00
26.90
37.10
