//Number of items      
501
//Bin Capacity         
100.00
//Known Best Solution  
167
//Weight of Item		  
41.20
25.50
33.30
46.10
26.70
27.20
41.70
26.50
31.80
47.60
25.30
27.10
46.10
25.20
28.70
43.30
26.20
30.50
37.60
31.00
31.40
45.00
25.70
29.30
44.20
25.50
30.30
47.20
25.70
27.10
40.70
26.40
32.90
43.70
26.80
29.50
37.40
27.60
35.00
41.60
27.90
30.50
36.70
31.10
32.20
49.80
25.00
25.20
38.20
29.60
32.20
39.40
28.20
32.40
48.50
25.30
26.20
35.10
28.20
36.70
44.10
27.60
28.30
45.70
25.60
28.70
42.60
26.10
31.30
38.10
25.30
36.60
37.70
30.80
31.50
42.90
26.10
31.00
38.80
29.30
31.90
40.40
27.50
32.10
48.50
25.30
26.20
48.50
25.20
26.30
45.40
25.50
29.10
46.80
25.80
27.40
43.60
25.90
30.50
48.10
25.70
26.20
43.90
27.70
28.40
49.80
25.00
25.20
43.80
27.60
28.60
35.60
27.20
37.20
44.30
27.70
28.00
43.10
27.50
29.40
39.50
29.80
30.70
42.70
27.80
29.50
40.30
26.90
32.80
45.20
27.10
27.70
49.50
25.00
25.50
37.90
27.40
34.70
40.00
25.90
34.10
44.40
25.00
30.60
48.90
25.20
25.90
48.60
25.40
26.00
48.00
25.70
26.30
46.40
26.20
27.40
38.00
25.10
36.90
37.80
30.00
32.20
42.40
27.80
29.80
47.30
25.00
27.70
45.60
27.10
27.30
35.90
30.00
34.10
47.80
25.40
26.80
42.90
28.20
28.90
48.90
25.00
26.10
47.20
25.80
27.00
42.70
27.90
29.40
46.00
25.30
28.70
38.40
25.80
35.80
45.20
27.30
27.50
42.60
27.90
29.50
41.10
26.90
32.00
46.10
25.40
28.50
44.80
27.30
27.90
35.60
29.60
34.80
36.00
30.50
33.50
45.20
25.60
29.20
44.00
26.10
29.90
35.30
27.80
36.90
39.40
29.70
30.90
35.50
28.00
36.50
36.50
28.80
34.70
47.60
25.20
27.20
44.90
25.00
30.10
38.30
25.50
36.20
46.40
26.20
27.40
48.80
25.50
25.70
40.80
28.40
30.80
46.20
25.20
28.60
44.40
25.30
30.30
47.60
25.90
26.50
47.40
25.50
27.10
47.30
25.80
26.90
47.90
25.00
27.10
39.50
28.60
31.90
47.10
25.50
27.40
39.80
25.00
35.20
46.50
25.80
27.70
37.50
25.90
36.60
43.90
25.10
31.00
38.10
26.50
35.40
35.70
25.30
39.00
36.70
26.60
36.70
36.20
27.50
36.30
39.80
28.80
31.40
42.00
25.10
32.90
45.70
26.20
28.10
48.40
25.40
26.20
38.20
28.40
33.40
39.80
25.80
34.40
38.10
26.50
35.40
40.10
25.80
34.10
38.10
26.20
35.70
47.80
25.40
26.80
40.80
29.50
29.70
45.80
25.10
29.10
43.40
25.20
31.40
41.70
25.60
32.70
40.80
29.50
29.70
38.70
28.50
32.80
35.80
29.10
35.10
44.90
25.70
29.40
42.40
26.40
31.20
37.30
28.90
33.80
47.40
25.00
27.60
36.30
26.80
36.90
35.40
31.80
32.80
41.40
26.60
32.00
47.30
25.40
27.30
46.00
26.20
27.80
46.50
25.70
27.80
49.10
25.30
25.60
44.30
27.00
28.70
42.90
27.00
30.10
47.90
25.00
27.10
43.70
27.50
28.80
49.60
25.00
25.40
42.90
28.40
28.70
41.30
25.30
33.40
39.30
29.20
31.50
40.20
26.40
33.40
37.50
25.00
37.50
43.00
26.20
30.80
45.30
26.30
28.40
46.00
26.50
27.50
35.00
30.70
34.30
40.50
29.50
30.00
43.40
25.90
30.70
38.90
28.10
33.00
46.20
26.30
27.50
35.60
31.00
33.40
48.40
25.40
26.20
39.20
26.30
34.50
46.70
25.50
27.80
48.80
25.50
25.70
49.00
25.30
25.70
35.40
27.90
36.70
45.40
26.00
28.60
38.70
29.30
32.00
43.00
28.10
28.90
47.00
25.70
27.30
42.30
27.80
29.90
35.50
31.60
32.90
49.00
25.00
26.00
41.20
25.30
33.50
35.00
30.10
34.90
44.60
26.20
29.20
38.10
27.40
34.50
44.00
26.40
29.60
40.40
27.30
32.30
49.80
25.00
25.20
