//Number of items      
501
//Bin Capacity         
100.00
//Known Best Solution  
167
//Weight of Item		  
40.30
26.70
33.00
43.20
25.30
31.50
48.10
25.40
26.50
46.10
25.60
28.30
38.00
26.90
35.10
36.60
28.30
35.10
36.90
31.30
31.80
43.90
25.50
30.60
40.10
25.30
34.60
44.80
26.90
28.30
42.80
28.00
29.20
41.00
27.80
31.20
48.50
25.60
25.90
40.40
29.40
30.20
46.00
26.40
27.60
42.40
27.00
30.60
43.80
26.40
29.80
39.80
28.20
32.00
39.90
26.10
34.00
42.20
25.30
32.50
46.50
25.30
28.20
37.50
28.30
34.20
35.30
25.50
39.20
41.70
25.70
32.60
47.70
25.70
26.60
42.80
25.30
31.90
43.50
25.30
31.20
47.10
25.50
27.40
45.90
25.30
28.80
38.10
29.30
32.60
42.60
25.80
31.60
36.40
26.60
37.00
36.00
26.90
37.10
46.60
26.00
27.40
39.80
28.80
31.40
42.20
26.30
31.50
45.50
26.40
28.10
46.50
26.70
26.80
49.90
25.00
25.10
46.00
25.70
28.30
39.50
27.40
33.10
38.00
28.00
34.00
38.00
28.50
33.50
44.40
27.40
28.20
40.30
25.70
34.00
36.60
29.30
34.10
48.50
25.40
26.10
38.10
28.90
33.00
42.90
25.50
31.60
44.70
25.50
29.80
38.90
26.50
34.60
45.40
25.10
29.50
37.50
28.20
34.30
48.60
25.60
25.80
46.10
26.30
27.60
43.00
25.80
31.20
42.20
28.00
29.80
40.90
28.50
30.60
37.60
28.00
34.40
48.70
25.20
26.10
37.50
28.70
33.80
37.20
26.80
36.00
39.40
28.10
32.50
38.20
25.30
36.50
39.50
26.30
34.20
39.50
28.50
32.00
44.20
26.40
29.40
43.60
28.00
28.40
42.50
25.20
32.30
37.10
25.20
37.70
45.00
26.60
28.40
42.50
25.20
32.30
47.00
26.40
26.60
41.70
25.40
32.90
48.30
25.00
26.70
39.00
26.80
34.20
48.60
25.40
26.00
45.60
26.40
28.00
48.60
25.10
26.30
36.50
30.40
33.10
37.20
29.00
33.80
35.20
26.50
38.30
42.80
27.70
29.50
36.80
28.20
35.00
40.30
26.50
33.20
37.10
29.60
33.30
39.90
26.60
33.50
40.60
26.80
32.60
49.80
25.00
25.20
48.60
25.60
25.80
40.80
28.00
31.20
42.20
26.90
30.90
45.50
26.10
28.40
49.00
25.00
26.00
46.60
25.90
27.50
46.20
25.30
28.50
41.50
27.40
31.10
35.90
28.00
36.10
39.60
26.30
34.10
47.90
25.80
26.30
40.10
28.20
31.70
38.50
28.50
33.00
35.60
26.90
37.50
47.90
25.70
26.40
38.40
27.50
34.10
37.10
28.60
34.30
44.70
25.70
29.60
39.40
26.30
34.30
49.30
25.10
25.60
46.50
25.80
27.70
39.70
27.30
33.00
42.60
28.30
29.10
42.70
26.60
30.70
45.20
25.60
29.20
47.40
25.80
26.80
41.20
28.90
29.90
47.10
25.40
27.50
49.50
25.10
25.40
42.30
27.60
30.10
42.10
27.70
30.20
49.10
25.30
25.60
37.40
30.70
31.90
47.00
25.60
27.40
36.30
26.00
37.70
49.90
25.00
25.10
38.20
30.00
31.80
42.80
25.20
32.00
40.80
25.70
33.50
45.60
27.00
27.40
39.40
29.80
30.80
35.70
28.30
36.00
38.00
29.40
32.60
39.30
29.10
31.60
41.00
26.20
32.80
44.00
26.40
29.60
48.80
25.30
25.90
48.70
25.20
26.10
46.30
26.40
27.30
41.80
28.80
29.40
35.40
27.80
36.80
45.30
25.90
28.80
39.70
27.90
32.40
38.50
25.50
36.00
36.30
26.70
37.00
45.40
26.70
27.90
35.60
31.80
32.60
39.70
27.20
33.10
35.30
28.80
35.90
35.10
27.00
37.90
35.00
25.90
39.10
47.30
25.40
27.30
40.90
27.20
31.90
35.20
31.80
33.00
41.20
27.80
31.00
40.10
25.80
34.10
44.60
26.40
29.00
42.50
28.60
28.90
44.90
26.00
29.10
48.50
25.00
26.50
37.00
26.10
36.90
48.40
25.50
26.10
46.30
25.60
28.10
38.20
28.10
33.70
42.00
26.70
31.30
38.70
29.70
31.60
49.80
25.00
25.20
49.30
25.20
25.50
