//Number of items      
501
//Bin Capacity         
100.00
//Known Best Solution  
167
//Weight of Item		  
36.00
28.30
35.70
46.70
25.00
28.30
38.90
25.80
35.30
48.70
25.20
26.10
47.50
25.20
27.30
47.90
25.70
26.40
37.20
28.90
33.90
37.00
28.50
34.50
48.00
25.00
27.00
46.90
25.10
28.00
48.40
25.00
26.60
38.30
29.90
31.80
46.20
26.20
27.60
41.20
29.20
29.60
46.00
25.00
29.00
46.80
25.60
27.60
47.70
25.70
26.60
44.10
27.40
28.50
49.30
25.10
25.60
45.80
25.60
28.60
43.70
25.80
30.50
43.10
27.80
29.10
49.10
25.30
25.60
35.10
26.20
38.70
39.60
27.40
33.00
43.50
27.00
29.50
36.70
31.50
31.80
37.80
25.10
37.10
44.50
27.30
28.20
40.20
25.10
34.70
41.10
27.70
31.20
37.00
26.80
36.20
36.10
30.80
33.10
46.10
26.80
27.10
48.90
25.20
25.90
37.50
29.00
33.50
47.70
25.80
26.50
35.50
31.80
32.70
40.60
25.70
33.70
43.20
26.20
30.60
39.00
30.20
30.80
42.50
27.40
30.10
43.80
26.40
29.80
49.00
25.40
25.60
43.00
26.80
30.20
38.50
25.60
35.90
37.10
25.80
37.10
43.80
25.60
30.60
39.30
29.80
30.90
45.40
26.60
28.00
42.40
25.60
32.00
43.70
26.60
29.70
41.30
26.20
32.50
35.90
31.70
32.40
44.40
26.20
29.40
44.20
27.50
28.30
38.30
27.60
34.10
36.50
31.20
32.30
47.30
25.70
27.00
48.30
25.50
26.20
39.30
28.50
32.20
40.60
27.10
32.30
46.40
25.10
28.50
37.20
26.40
36.40
46.40
26.60
27.00
45.50
26.90
27.60
37.30
27.60
35.10
47.20
26.10
26.70
41.60
26.90
31.50
36.00
31.50
32.50
48.60
25.20
26.20
40.90
27.40
31.70
38.40
25.90
35.70
43.60
27.20
29.20
48.00
25.10
26.90
36.80
30.00
33.20
38.30
30.70
31.00
36.40
25.00
38.60
48.10
25.70
26.20
37.80
25.00
37.20
37.40
29.80
32.80
35.70
26.20
38.10
41.40
28.50
30.10
40.40
27.90
31.70
41.90
27.00
31.10
43.00
26.70
30.30
41.20
26.50
32.30
37.60
26.50
35.90
47.30
26.00
26.70
40.90
28.60
30.50
46.40
25.90
27.70
39.10
27.10
33.80
36.50
29.80
33.70
45.90
25.10
29.00
37.00
29.70
33.30
41.70
28.90
29.40
41.80
25.60
32.60
46.50
25.20
28.30
46.10
26.60
27.30
43.40
25.60
31.00
39.00
25.90
35.10
48.30
25.10
26.60
45.80
26.40
27.80
39.60
28.00
32.40
37.40
28.40
34.20
35.40
28.80
35.80
37.90
27.00
35.10
47.10
25.70
27.20
45.90
26.70
27.40
43.60
26.80
29.60
40.10
29.80
30.10
49.90
25.00
25.10
45.60
26.10
28.30
36.60
26.50
36.90
45.60
25.60
28.80
44.20
25.60
30.20
38.10
28.40
33.50
43.70
26.90
29.40
48.00
25.20
26.80
40.20
26.10
33.70
38.90
25.20
35.90
38.60
25.40
36.00
46.30
25.10
28.60
36.20
26.20
37.60
36.80
25.40
37.80
36.90
30.70
32.40
37.10
28.60
34.30
49.50
25.10
25.40
49.50
25.00
25.50
40.20
29.80
30.00
49.50
25.10
25.40
49.00
25.20
25.80
44.20
27.70
28.10
41.60
28.80
29.60
46.70
26.10
27.20
37.80
25.50
36.70
39.10
29.00
31.90
49.80
25.00
25.20
36.90
25.90
37.20
41.70
25.60
32.70
41.40
28.30
30.30
37.90
26.80
35.30
42.30
26.70
31.00
40.70
27.60
31.70
49.20
25.10
25.70
45.50
26.80
27.70
41.30
26.00
32.70
38.10
30.60
31.30
42.80
26.40
30.80
43.10
27.70
29.20
38.10
26.20
35.70
45.00
25.30
29.70
43.20
26.30
30.50
47.50
25.50
27.00
36.60
26.20
37.20
40.10
29.10
30.80
42.50
25.70
31.80
49.80
25.00
25.20
46.50
26.00
27.50
35.70
28.90
35.40
37.10
27.80
35.10
46.40
26.50
27.10
42.50
27.60
29.90
39.50
25.50
35.00
44.10
26.00
29.90
35.30
27.80
36.90
40.60
26.10
33.30
