//Number of items      
501
//Bin Capacity         
100.00
//Known Best Solution  
167
//Weight of Item		  
36.00
26.50
37.50
46.00
26.80
27.20
40.00
26.10
33.90
37.50
30.40
32.10
46.20
25.10
28.70
39.80
26.50
33.70
49.20
25.10
25.70
46.20
26.40
27.40
49.50
25.00
25.50
41.50
26.70
31.80
38.10
27.90
34.00
36.80
29.90
33.30
46.50
25.70
27.80
48.70
25.50
25.80
48.70
25.40
25.90
44.70
27.10
28.20
35.30
28.30
36.40
42.60
26.30
31.10
46.20
26.40
27.40
44.20
26.40
29.40
35.10
26.60
38.30
44.50
26.50
29.00
44.30
25.80
29.90
36.50
31.00
32.50
49.40
25.00
25.60
39.40
28.20
32.40
47.70
25.10
27.20
46.40
25.90
27.70
42.90
26.70
30.40
45.40
26.70
27.90
40.90
25.00
34.10
42.90
25.50
31.60
39.60
25.20
35.20
44.90
27.40
27.70
49.20
25.20
25.60
46.60
26.50
26.90
49.20
25.00
25.80
46.20
26.40
27.40
49.90
25.00
25.10
42.90
25.40
31.70
49.80
25.00
25.20
45.50
26.80
27.70
48.80
25.20
26.00
47.80
25.30
26.90
42.90
28.30
28.80
41.10
25.10
33.80
39.50
26.50
34.00
39.60
26.80
33.60
45.70
26.40
27.90
43.20
26.10
30.70
38.90
28.80
32.30
43.70
26.40
29.90
48.10
25.60
26.30
47.00
26.30
26.70
47.90
25.20
26.90
37.50
27.10
35.40
38.50
30.60
30.90
43.10
28.00
28.90
38.90
28.90
32.20
37.10
31.00
31.90
45.90
26.00
28.10
46.90
26.00
27.10
41.20
27.20
31.60
41.40
26.10
32.50
40.50
25.20
34.30
47.60
25.20
27.20
38.90
28.10
33.00
42.10
27.00
30.90
40.90
27.10
32.00
36.30
28.60
35.10
46.10
26.70
27.20
48.00
25.60
26.40
39.70
28.00
32.30
48.20
25.80
26.00
49.00
25.30
25.70
48.90
25.00
26.10
37.30
26.00
36.70
46.40
25.40
28.20
40.10
25.20
34.70
35.60
27.40
37.00
47.80
25.70
26.50
43.00
25.20
31.80
41.80
25.80
32.40
42.90
26.20
30.90
35.90
30.40
33.70
46.90
25.70
27.40
49.40
25.10
25.50
39.80
29.80
30.40
47.00
25.90
27.10
35.60
31.60
32.80
45.50
27.20
27.30
43.40
26.70
29.90
46.80
25.90
27.30
35.80
29.00
35.20
43.60
25.50
30.90
47.10
25.40
27.50
49.10
25.20
25.70
35.70
29.60
34.70
39.70
28.50
31.80
43.10
25.70
31.20
42.60
27.20
30.20
44.10
25.10
30.80
49.20
25.30
25.50
37.90
27.90
34.20
42.00
26.80
31.20
36.30
25.40
38.30
40.60
27.70
31.70
41.20
25.30
33.50
41.80
26.30
31.90
45.30
25.10
29.60
44.70
25.80
29.50
37.60
29.10
33.30
41.10
28.50
30.40
35.40
27.30
37.30
37.20
29.40
33.40
38.90
25.50
35.60
48.90
25.40
25.70
39.60
29.80
30.60
43.20
26.50
30.30
48.20
25.50
26.30
48.40
25.30
26.30
35.80
26.40
37.80
45.40
25.40
29.20
36.10
26.20
37.70
41.10
28.50
30.40
41.20
25.10
33.70
40.30
28.20
31.50
48.50
25.10
26.40
36.90
31.20
31.90
47.50
25.80
26.70
44.30
25.40
30.30
47.10
26.30
26.60
37.90
27.30
34.80
48.40
25.50
26.10
37.60
29.60
32.80
37.70
26.40
35.90
42.40
25.20
32.40
47.60
25.60
26.80
49.40
25.00
25.60
48.80
25.40
25.80
46.20
25.50
28.30
49.90
25.00
25.10
43.40
27.70
28.90
47.50
25.90
26.60
40.40
28.80
30.80
45.10
25.30
29.60
42.50
25.90
31.60
47.90
25.80
26.30
48.10
25.40
26.50
41.60
27.20
31.20
41.60
25.10
33.30
44.90
25.40
29.70
48.80
25.10
26.10
39.10
26.50
34.40
40.00
28.90
31.10
42.30
25.00
32.70
35.00
28.30
36.70
49.90
25.00
25.10
41.30
29.20
29.50
35.00
30.90
34.10
38.60
27.80
33.60
47.70
25.40
26.90
48.20
25.50
26.30
48.10
25.40
26.50
46.60
25.90
27.50
42.10
26.40
31.50
41.00
25.00
34.00
