//Number of items      
501
//Bin Capacity         
100.00
//Known Best Solution  
167
//Weight of Item		  
37.20
27.90
34.90
36.70
31.60
31.70
44.40
25.70
29.90
36.80
25.70
37.50
49.60
25.10
25.30
39.10
25.20
35.70
39.60
29.60
30.80
36.50
26.40
37.10
48.20
25.30
26.50
43.70
25.40
30.90
35.30
30.40
34.30
41.00
25.30
33.70
41.90
26.00
32.10
48.60
25.10
26.30
48.60
25.00
26.40
40.40
29.60
30.00
40.80
27.50
31.70
49.30
25.10
25.60
44.40
27.60
28.00
35.60
26.80
37.60
44.40
26.60
29.00
42.60
28.00
29.40
36.90
26.40
36.70
35.40
28.60
36.00
37.30
29.50
33.20
48.40
25.60
26.00
49.50
25.10
25.40
41.10
27.40
31.50
49.70
25.00
25.30
35.40
27.70
36.90
39.90
26.80
33.30
49.80
25.00
25.20
38.90
26.80
34.30
36.90
28.50
34.60
38.20
30.60
31.20
37.20
28.00
34.80
48.60
25.10
26.30
49.00
25.00
26.00
45.50
25.40
29.10
41.50
27.20
31.30
45.70
25.30
29.00
47.50
25.10
27.40
40.70
25.30
34.00
43.50
27.00
29.50
43.60
25.00
31.40
42.30
26.70
31.00
42.90
27.20
29.90
48.40
25.00
26.60
46.10
25.70
28.20
38.30
25.50
36.20
39.00
29.10
31.90
48.50
25.30
26.20
43.10
25.20
31.70
44.10
27.80
28.10
47.50
25.30
27.20
37.40
26.00
36.60
41.10
27.70
31.20
36.30
29.20
34.50
43.30
26.60
30.10
45.30
25.80
28.90
40.00
27.00
33.00
36.50
29.20
34.30
45.90
26.00
28.10
45.60
25.50
28.90
45.20
25.00
29.80
39.90
25.80
34.30
40.50
25.20
34.30
36.50
28.80
34.70
38.10
26.90
35.00
41.00
26.80
32.20
35.00
30.30
34.70
43.00
25.00
32.00
36.10
31.30
32.60
43.50
27.20
29.30
38.80
29.50
31.70
45.30
25.50
29.20
35.30
29.60
35.10
43.20
25.60
31.20
45.40
26.10
28.50
48.20
25.00
26.80
41.00
25.70
33.30
49.00
25.00
26.00
35.40
27.70
36.90
35.70
26.90
37.40
38.20
28.70
33.10
47.00
26.10
26.90
48.10
25.50
26.40
46.60
26.20
27.20
49.10
25.20
25.70
43.20
26.10
30.70
44.40
27.40
28.20
44.90
26.50
28.60
48.30
25.70
26.00
44.60
27.50
27.90
40.20
29.40
30.40
36.20
31.40
32.40
44.40
25.80
29.80
41.10
26.40
32.50
35.80
26.10
38.10
35.90
25.00
39.10
35.30
27.30
37.40
41.30
27.30
31.40
41.40
26.00
32.60
48.50
25.50
26.00
49.90
25.00
25.10
45.60
26.40
28.00
47.40
25.80
26.80
48.00
25.60
26.40
37.90
25.70
36.40
48.50
25.70
25.80
45.80
25.90
28.30
42.40
26.20
31.40
39.00
25.10
35.90
40.10
29.40
30.50
46.70
25.90
27.40
42.10
27.20
30.70
40.50
29.30
30.20
41.60
26.20
32.20
39.70
29.70
30.60
45.80
26.20
28.00
37.60
25.60
36.80
46.10
26.20
27.70
36.00
27.30
36.70
40.80
25.00
34.20
38.50
29.00
32.50
46.70
25.60
27.70
49.50
25.10
25.40
42.10
27.60
30.30
43.80
25.50
30.70
36.40
27.10
36.50
48.60
25.00
26.40
36.00
29.90
34.10
47.00
25.10
27.90
41.20
26.80
32.00
48.70
25.40
25.90
41.80
28.50
29.70
35.90
31.30
32.80
46.20
25.70
28.10
36.50
28.80
34.70
49.00
25.30
25.70
43.80
26.30
29.90
39.30
27.80
32.90
39.90
28.70
31.40
49.40
25.10
25.50
42.80
28.50
28.70
35.50
30.10
34.40
43.90
27.70
28.40
35.30
28.30
36.40
37.70
30.30
32.00
45.60
26.00
28.40
48.80
25.20
26.00
48.90
25.00
26.10
42.80
26.30
30.90
44.10
25.40
30.50
42.70
25.70
31.60
35.30
31.50
33.20
48.60
25.50
25.90
46.30
25.80
27.90
38.80
27.10
34.10
37.80
28.30
33.90
36.10
29.60
34.30
42.70
25.30
32.00
47.50
26.10
26.40
41.40
27.60
31.00
36.00
28.40
35.60
40.50
25.40
34.10
38.80
25.60
35.60
