//Number of items      
501
//Bin Capacity         
100.00
//Known Best Solution  
167
//Weight of Item		  
47.80
25.20
27.00
47.30
25.80
26.90
47.30
25.20
27.50
37.30
27.60
35.10
36.40
28.90
34.70
38.50
27.10
34.40
42.40
26.60
31.00
39.50
27.50
33.00
46.20
26.70
27.10
45.90
25.50
28.60
47.70
25.20
27.10
40.70
27.20
32.10
36.30
29.40
34.30
47.50
25.00
27.50
39.30
29.80
30.90
45.10
25.60
29.30
46.50
26.30
27.20
35.80
25.70
38.50
43.40
25.70
30.90
48.30
25.60
26.10
43.70
27.60
28.70
49.90
25.00
25.10
46.70
25.70
27.60
36.90
27.50
35.60
49.60
25.00
25.40
46.30
25.90
27.80
42.70
27.70
29.60
45.70
26.50
27.80
38.90
27.40
33.70
37.60
27.80
34.60
44.10
26.80
29.10
35.80
29.50
34.70
37.90
27.20
34.90
38.10
25.20
36.70
40.00
29.40
30.60
36.90
29.60
33.50
47.80
25.30
26.90
38.50
26.80
34.70
41.00
29.00
30.00
36.90
30.00
33.10
36.80
30.70
32.50
36.80
25.70
37.50
42.20
28.40
29.40
43.70
28.00
28.30
39.40
29.20
31.40
46.80
25.20
28.00
47.20
25.00
27.80
41.80
25.80
32.40
36.50
28.90
34.60
37.00
27.00
36.00
46.40
26.00
27.60
35.90
29.30
34.80
44.80
27.30
27.90
44.80
25.50
29.70
38.00
26.30
35.70
49.40
25.00
25.60
48.00
25.10
26.90
39.10
28.60
32.30
40.50
27.10
32.40
43.20
27.20
29.60
45.40
26.30
28.30
35.60
25.70
38.70
40.80
26.30
32.90
44.50
27.40
28.10
44.40
27.00
28.60
42.20
25.30
32.50
38.80
29.00
32.20
46.80
25.20
28.00
38.30
26.70
35.00
35.70
25.10
39.20
48.10
25.60
26.30
38.60
25.00
36.40
43.10
25.10
31.80
47.50
25.90
26.60
49.20
25.00
25.80
40.30
27.90
31.80
45.50
26.30
28.20
39.70
27.10
33.20
48.00
25.50
26.50
47.20
25.40
27.40
47.10
25.90
27.00
45.80
25.70
28.50
37.70
28.70
33.60
42.70
25.80
31.50
35.10
25.00
39.90
49.20
25.10
25.70
43.20
25.60
31.20
37.20
27.90
34.90
40.60
26.70
32.70
49.80
25.00
25.20
48.10
25.10
26.80
37.80
27.40
34.80
36.40
26.00
37.60
37.60
29.40
33.00
36.10
31.00
32.90
45.90
26.30
27.80
44.00
27.10
28.90
45.50
25.40
29.10
37.80
29.20
33.00
39.50
29.60
30.90
35.70
25.40
38.90
42.70
25.30
32.00
37.60
30.60
31.80
49.10
25.20
25.70
42.50
26.60
30.90
43.80
26.10
30.10
45.60
27.10
27.30
47.40
25.30
27.30
45.40
25.10
29.50
46.00
25.20
28.80
37.20
25.40
37.40
46.10
25.20
28.70
41.00
28.90
30.10
45.30
26.90
27.80
48.70
25.00
26.30
37.40
28.60
34.00
39.20
29.00
31.80
38.80
28.60
32.60
46.60
25.90
27.50
46.60
25.50
27.90
46.60
26.50
26.90
39.60
29.10
31.30
49.60
25.00
25.40
46.10
25.30
28.60
45.60
25.70
28.70
38.70
26.40
34.90
35.10
27.10
37.80
36.20
27.40
36.40
37.00
29.80
33.20
48.00
25.20
26.80
47.60
25.50
26.90
40.70
29.10
30.20
45.20
26.90
27.90
40.70
26.80
32.50
44.90
25.30
29.80
37.90
30.90
31.20
35.50
25.30
39.20
49.90
25.00
25.10
36.90
26.20
36.90
47.10
25.40
27.50
39.30
26.50
34.20
44.70
25.90
29.40
38.70
28.80
32.50
44.00
27.80
28.20
38.10
29.60
32.30
37.20
30.90
31.90
36.50
27.70
35.80
41.80
26.10
32.10
42.60
25.90
31.50
44.20
25.50
30.30
41.30
27.10
31.60
44.00
25.20
30.80
38.20
28.90
32.90
47.50
26.10
26.40
40.40
27.30
32.30
39.60
26.40
34.00
42.50
27.00
30.50
37.60
28.70
33.70
38.80
27.20
34.00
45.10
26.20
28.70
44.00
25.80
30.20
39.70
28.40
31.90
37.10
29.00
33.90
44.40
26.70
28.90
40.70
29.00
30.30
43.80
26.90
29.30
35.70
27.90
36.40
