//Number of items      
501
//Bin Capacity         
100.00
//Known Best Solution  
167
//Weight of Item		  
35.50
29.80
34.70
45.50
25.40
29.10
48.40
25.00
26.60
45.10
25.90
29.00
44.70
25.90
29.40
46.20
26.30
27.50
46.10
26.30
27.60
43.70
25.40
30.90
42.50
25.90
31.60
44.70
26.10
29.20
48.00
25.70
26.30
46.40
25.50
28.10
44.70
25.80
29.50
41.20
25.50
33.30
39.40
29.70
30.90
39.40
27.50
33.10
35.00
29.70
35.30
47.70
25.10
27.20
41.00
27.80
31.20
43.00
25.90
31.10
41.50
26.90
31.60
40.80
29.10
30.10
37.00
28.60
34.40
42.90
27.70
29.40
39.20
25.70
35.10
41.80
26.30
31.90
42.40
25.30
32.30
35.90
26.60
37.50
37.30
25.90
36.80
44.90
25.10
30.00
40.10
28.60
31.30
35.70
27.10
37.20
44.20
27.00
28.80
37.40
27.10
35.50
42.60
28.20
29.20
41.20
25.30
33.50
37.10
26.30
36.60
36.10
28.30
35.60
45.80
26.90
27.30
44.10
27.60
28.30
37.80
29.30
32.90
48.60
25.60
25.80
44.50
27.60
27.90
41.00
27.80
31.20
44.80
25.90
29.30
47.10
25.80
27.10
37.80
28.40
33.80
35.40
27.90
36.70
36.90
28.20
34.90
37.50
28.10
34.40
35.20
27.50
37.30
45.70
25.30
29.00
41.10
25.00
33.90
48.60
25.50
25.90
46.40
26.40
27.20
48.80
25.30
25.90
36.30
26.10
37.60
36.40
26.10
37.50
41.70
27.60
30.70
36.00
28.40
35.60
38.20
29.90
31.90
43.00
28.30
28.70
36.20
28.70
35.10
49.10
25.30
25.60
44.10
26.60
29.30
44.10
26.10
29.80
39.30
28.50
32.20
40.60
25.10
34.30
49.30
25.10
25.60
42.70
25.60
31.70
38.30
26.20
35.50
46.40
26.70
26.90
39.20
26.90
33.90
37.40
28.50
34.10
35.00
32.00
33.00
41.50
25.80
32.70
37.00
29.70
33.30
45.20
26.70
28.10
47.00
25.90
27.10
39.40
27.50
33.10
36.80
30.70
32.50
39.30
25.30
35.40
39.60
26.60
33.80
42.60
27.00
30.40
40.10
27.40
32.50
46.40
25.70
27.90
44.20
25.90
29.90
47.20
26.30
26.50
35.50
28.70
35.80
46.80
26.00
27.20
40.60
29.20
30.20
43.10
26.90
30.00
42.30
26.70
31.00
43.40
27.70
28.90
44.20
27.60
28.20
44.60
27.60
27.80
47.80
25.70
26.50
41.20
29.30
29.50
41.20
27.90
30.90
45.10
26.90
28.00
48.20
25.60
26.20
41.80
25.50
32.70
37.60
25.60
36.80
39.90
28.70
31.40
47.20
25.90
26.90
43.80
26.80
29.40
47.20
25.20
27.60
47.20
25.80
27.00
39.20
26.80
34.00
44.30
26.60
29.10
40.50
27.00
32.50
49.00
25.20
25.80
36.70
28.00
35.30
43.70
25.50
30.80
45.60
26.20
28.20
49.90
25.00
25.10
45.30
25.20
29.50
35.10
30.50
34.40
43.20
27.70
29.10
47.30
25.20
27.50
45.30
26.20
28.50
40.60
29.00
30.40
36.00
27.30
36.70
42.50
27.20
30.30
39.10
25.80
35.10
49.30
25.00
25.70
38.70
29.10
32.20
49.80
25.00
25.20
36.20
25.30
38.50
40.60
28.70
30.70
43.40
26.60
30.00
35.30
26.50
38.20
41.90
28.60
29.50
46.00
26.00
28.00
45.60
26.90
27.50
47.80
25.60
26.60
39.60
25.10
35.30
47.70
26.10
26.20
44.20
27.30
28.50
43.20
28.00
28.80
35.50
28.70
35.80
47.50
25.20
27.30
37.30
30.60
32.10
43.40
25.80
30.80
37.40
30.90
31.70
37.80
29.70
32.50
35.80
26.20
38.00
36.20
30.60
33.20
35.20
25.50
39.30
45.50
25.00
29.50
47.60
25.30
27.10
45.70
25.90
28.40
37.30
30.60
32.10
36.10
25.40
38.50
39.70
27.80
32.50
38.90
25.10
36.00
40.50
27.30
32.20
38.90
29.40
31.70
40.40
27.30
32.30
45.20
26.10
28.70
45.80
26.30
27.90
43.20
28.20
28.60
35.30
27.00
37.70
38.30
26.60
35.10
38.90
29.00
32.10
44.30
27.50
28.20
39.10
27.10
33.80
