//Number of items      
501
//Bin Capacity         
100.00
//Known Best Solution  
167
//Weight of Item		  
41.10
27.50
31.40
45.00
25.10
29.90
44.70
26.00
29.30
48.00
25.80
26.20
42.30
28.60
29.10
37.60
31.10
31.30
36.90
25.90
37.20
35.30
27.50
37.20
48.50
25.00
26.50
44.10
27.80
28.10
37.50
28.40
34.10
35.10
27.30
37.60
41.30
25.20
33.50
36.50
29.90
33.60
43.90
26.10
30.00
42.10
26.50
31.40
35.60
26.10
38.30
49.50
25.10
25.40
41.40
26.00
32.60
37.60
29.50
32.90
35.80
31.70
32.50
39.20
25.20
35.60
36.10
26.20
37.70
48.30
25.60
26.10
36.60
28.10
35.30
35.70
26.00
38.30
40.20
29.60
30.20
48.10
25.60
26.30
41.10
28.60
30.30
37.60
26.20
36.20
42.70
28.40
28.90
48.20
25.40
26.40
36.70
28.20
35.10
37.70
25.70
36.60
46.50
26.50
27.00
41.90
26.60
31.50
35.50
27.20
37.30
46.30
26.10
27.60
40.60
29.10
30.30
38.90
26.10
35.00
45.60
26.40
28.00
45.90
25.80
28.30
49.30
25.20
25.50
48.20
25.00
26.80
37.90
28.10
34.00
37.00
30.50
32.50
47.40
25.90
26.70
42.90
27.20
29.90
37.00
27.40
35.60
40.30
29.40
30.30
38.90
29.10
32.00
37.90
25.20
36.90
44.60
25.80
29.60
49.10
25.30
25.60
44.00
26.30
29.70
37.70
28.70
33.60
35.00
28.40
36.60
44.20
25.70
30.10
43.40
26.00
30.60
45.50
26.60
27.90
36.10
25.20
38.70
36.20
26.30
37.50
43.70
25.00
31.30
43.20
26.20
30.60
39.60
25.00
35.40
49.80
25.00
25.20
37.80
27.10
35.10
38.70
30.20
31.10
49.10
25.40
25.50
46.90
26.10
27.00
35.80
31.60
32.60
36.90
27.80
35.30
37.40
27.20
35.40
40.50
28.50
31.00
35.50
25.70
38.80
46.80
25.40
27.80
36.30
27.20
36.50
46.90
25.20
27.90
41.90
28.60
29.50
44.30
26.90
28.80
41.80
28.30
29.90
36.70
28.70
34.60
36.50
28.30
35.20
35.90
29.20
34.90
47.60
25.40
27.00
48.20
25.50
26.30
46.50
26.60
26.90
35.40
28.90
35.70
45.10
27.10
27.80
36.70
27.60
35.70
41.10
25.20
33.70
47.30
25.70
27.00
41.20
28.90
29.90
37.00
30.70
32.30
49.50
25.10
25.40
44.50
25.60
29.90
41.30
27.70
31.00
43.40
27.10
29.50
45.80
26.90
27.30
46.30
25.40
28.30
45.40
25.30
29.30
44.60
27.20
28.20
42.70
28.40
28.90
41.90
28.40
29.70
49.10
25.10
25.80
48.90
25.20
25.90
43.10
26.00
30.90
45.40
26.80
27.80
39.10
27.70
33.20
40.00
27.10
32.90
43.40
28.00
28.60
43.60
27.60
28.80
39.30
25.20
35.50
47.10
26.30
26.60
46.40
26.40
27.20
41.00
28.30
30.70
37.10
31.30
31.60
43.90
27.20
28.90
42.80
26.10
31.10
41.60
25.40
33.00
48.00
25.90
26.10
46.50
25.10
28.40
38.90
27.80
33.30
49.20
25.00
25.80
44.70
26.80
28.50
49.20
25.20
25.60
46.70
25.50
27.80
42.60
27.30
30.10
38.40
29.20
32.40
47.30
25.80
26.90
39.90
28.50
31.60
49.90
25.00
25.10
35.50
31.00
33.50
49.00
25.00
26.00
42.80
26.40
30.80
36.70
29.30
34.00
36.70
25.30
38.00
46.20
26.50
27.30
40.00
26.50
33.50
36.30
26.90
36.80
44.70
25.10
30.20
40.50
26.20
33.30
47.70
25.50
26.80
43.10
25.60
31.30
45.60
25.60
28.80
41.70
25.50
32.80
40.40
27.40
32.20
49.30
25.30
25.40
45.70
25.20
29.10
36.50
26.30
37.20
43.00
25.70
31.30
46.20
25.30
28.50
40.70
26.30
33.00
41.40
26.20
32.40
35.00
26.70
38.30
46.60
25.80
27.60
49.50
25.00
25.50
39.70
27.90
32.40
36.40
25.40
38.20
41.30
25.60
33.10
44.90
27.30
27.80
42.80
27.80
29.40
35.60
25.70
38.70
36.30
31.50
32.20
38.50
30.30
31.20
46.50
26.20
27.30
36.70
26.90
36.40
