//Number of items      
501
//Bin Capacity         
100.00
//Known Best Solution  
167
//Weight of Item		  
41.40
25.50
33.10
42.60
25.40
32.00
45.90
26.90
27.20
40.60
29.60
29.80
48.80
25.40
25.80
49.10
25.10
25.80
37.00
27.10
35.90
46.50
25.60
27.90
36.00
31.80
32.20
46.20
26.70
27.10
43.70
27.60
28.70
44.50
25.20
30.30
48.80
25.50
25.70
40.40
28.40
31.20
35.70
28.30
36.00
40.50
26.00
33.50
44.30
26.60
29.10
48.50
25.40
26.10
35.70
30.20
34.10
40.70
27.00
32.30
46.90
26.40
26.70
44.90
27.10
28.00
43.20
26.60
30.20
48.80
25.20
26.00
46.60
25.70
27.70
49.60
25.10
25.30
40.40
27.70
31.90
37.40
29.90
32.70
44.00
26.40
29.60
38.50
28.60
32.90
47.40
25.10
27.50
36.70
27.10
36.20
35.90
25.10
39.00
38.70
27.90
33.40
35.00
32.40
32.60
36.00
26.70
37.30
35.80
29.00
35.20
49.50
25.10
25.40
42.20
26.40
31.40
44.00
26.40
29.60
46.80
26.10
27.10
41.10
25.80
33.10
44.90
25.50
29.60
44.30
26.20
29.50
48.80
25.20
26.00
43.10
28.10
28.80
42.40
25.50
32.10
41.60
26.10
32.30
36.50
26.60
36.90
35.50
30.00
34.50
40.70
28.60
30.70
42.20
25.70
32.10
40.10
27.20
32.70
39.80
29.90
30.30
45.30
26.90
27.80
44.30
27.40
28.30
37.40
30.50
32.10
45.20
25.40
29.40
42.30
27.10
30.60
47.50
25.50
27.00
46.90
25.20
27.90
38.90
25.20
35.90
46.10
26.40
27.50
42.40
26.20
31.40
43.50
25.30
31.20
41.10
28.40
30.50
42.40
27.80
29.80
46.70
26.20
27.10
39.20
26.80
34.00
48.70
25.10
26.20
39.60
28.50
31.90
48.60
25.00
26.40
46.20
26.70
27.10
38.40
29.30
32.30
49.40
25.10
25.50
47.20
25.80
27.00
43.50
25.30
31.20
48.20
25.40
26.40
45.10
25.10
29.80
40.40
28.40
31.20
39.70
28.40
31.90
47.50
26.10
26.40
43.40
28.10
28.50
36.00
25.70
38.30
47.50
25.20
27.30
39.20
30.10
30.70
45.30
26.10
28.60
43.50
27.90
28.60
44.80
25.10
30.10
45.70
26.50
27.80
45.50
26.70
27.80
47.60
25.20
27.20
39.60
25.30
35.10
40.70
26.40
32.90
42.80
25.20
32.00
38.50
27.60
33.90
37.80
27.20
35.00
48.50
25.40
26.10
45.10
26.10
28.80
35.60
29.10
35.30
42.60
27.80
29.60
41.90
25.00
33.10
43.30
28.10
28.60
36.10
31.00
32.90
41.70
28.50
29.80
35.30
28.10
36.60
38.60
28.90
32.50
44.00
27.70
28.30
47.40
25.20
27.40
42.40
26.30
31.30
49.40
25.20
25.40
47.60
25.40
27.00
41.30
25.00
33.70
45.50
26.30
28.20
42.80
28.20
29.00
35.30
26.10
38.60
41.70
27.40
30.90
46.40
26.40
27.20
48.20
25.70
26.10
39.10
30.20
30.70
48.30
25.00
26.70
44.70
25.60
29.70
36.00
28.10
35.90
39.30
29.10
31.60
36.00
26.90
37.10
35.30
29.60
35.10
44.70
26.40
28.90
49.00
25.20
25.80
42.60
28.20
29.20
46.00
25.80
28.20
48.60
25.50
25.90
46.30
25.70
28.00
41.10
27.30
31.60
41.90
28.40
29.70
48.50
25.30
26.20
38.60
26.20
35.20
40.70
27.80
31.50
45.50
26.90
27.60
45.80
25.70
28.50
49.80
25.00
25.20
36.40
28.90
34.70
49.30
25.10
25.60
44.20
25.50
30.30
47.70
26.00
26.30
47.60
25.70
26.70
37.00
30.00
33.00
41.50
25.30
33.20
45.10
26.20
28.70
39.80
27.60
32.60
49.00
25.20
25.80
44.40
27.00
28.60
46.10
26.00
27.90
48.10
25.80
26.10
41.30
28.00
30.70
45.60
25.80
28.60
42.40
27.70
29.90
47.50
25.20
27.30
46.10
26.50
27.40
39.50
25.10
35.40
40.70
27.20
32.10
44.20
27.60
28.20
46.70
25.40
27.90
37.10
29.30
33.60
43.40
28.00
28.60
48.20
25.70
26.10
43.20
26.60
30.20
42.40
28.00
29.60
