//Number of items      
501
//Bin Capacity         
100.00
//Known Best Solution  
167
//Weight of Item		  
42.50
25.90
31.60
42.60
27.30
30.10
40.60
26.30
33.10
44.80
27.10
28.10
36.20
26.00
37.80
36.40
30.60
33.00
49.50
25.20
25.30
39.20
30.00
30.80
38.60
25.20
36.20
46.60
25.10
28.30
44.50
27.50
28.00
35.80
26.20
38.00
45.20
25.60
29.20
47.70
25.40
26.90
45.30
25.40
29.30
41.90
25.20
32.90
39.50
28.40
32.10
39.60
29.30
31.10
37.70
30.30
32.00
40.30
26.90
32.80
38.40
28.50
33.10
35.10
26.70
38.20
47.30
26.20
26.50
42.20
26.60
31.20
35.10
29.90
35.00
45.50
25.90
28.60
36.20
30.40
33.40
42.40
25.50
32.10
39.90
25.00
35.10
49.30
25.00
25.70
38.40
26.10
35.50
36.30
27.30
36.40
45.60
27.00
27.40
35.80
25.70
38.50
47.90
25.40
26.70
37.10
26.60
36.30
39.20
28.20
32.60
37.00
29.00
34.00
43.70
26.10
30.20
45.00
26.20
28.80
45.30
26.70
28.00
46.90
25.30
27.80
35.80
27.80
36.40
42.20
26.10
31.70
45.00
26.50
28.50
44.70
27.60
27.70
41.50
27.20
31.30
49.90
25.00
25.10
47.30
25.10
27.60
38.50
25.80
35.70
41.20
28.50
30.30
44.60
27.30
28.10
43.10
27.90
29.00
42.90
28.30
28.80
42.60
27.70
29.70
37.60
30.90
31.50
39.40
29.10
31.50
48.60
25.60
25.80
44.50
25.80
29.70
44.60
26.10
29.30
41.00
26.70
32.30
47.00
25.90
27.10
35.00
25.50
39.50
36.00
25.70
38.30
35.70
27.00
37.30
42.60
25.90
31.50
41.10
26.10
32.80
37.60
29.60
32.80
43.10
27.60
29.30
45.70
25.30
29.00
45.80
26.00
28.20
41.10
27.60
31.30
39.20
27.40
33.40
37.60
28.40
34.00
48.20
25.50
26.30
42.60
27.30
30.10
44.50
25.40
30.10
43.50
25.00
31.50
41.00
26.30
32.70
43.60
27.30
29.10
49.10
25.00
25.90
41.70
28.60
29.70
42.00
26.90
31.10
40.00
29.40
30.60
42.90
26.70
30.40
44.10
25.80
30.10
44.50
26.70
28.80
38.60
28.20
33.20
42.10
26.80
31.10
42.20
25.10
32.70
39.50
25.40
35.10
49.20
25.10
25.70
49.60
25.00
25.40
38.40
28.70
32.90
46.80
25.60
27.60
42.90
26.20
30.90
41.70
27.60
30.70
48.80
25.20
26.00
35.90
28.40
35.70
36.50
30.60
32.90
45.00
26.00
29.00
36.30
31.20
32.50
47.70
25.30
27.00
49.10
25.20
25.70
39.00
25.90
35.10
42.90
25.10
32.00
40.10
27.90
32.00
48.00
25.70
26.30
46.50
26.60
26.90
43.90
25.10
31.00
41.20
27.30
31.50
40.50
27.00
32.50
49.40
25.10
25.50
44.20
27.40
28.40
38.60
29.20
32.20
35.40
29.20
35.40
42.60
28.20
29.20
44.60
25.00
30.40
41.40
28.10
30.50
39.80
28.00
32.20
35.40
29.40
35.20
43.80
25.90
30.30
37.70
26.20
36.10
37.20
25.30
37.50
41.20
29.30
29.50
38.90
27.90
33.20
42.30
25.90
31.80
35.30
31.70
33.00
45.40
26.00
28.60
39.30
29.20
31.50
43.20
26.60
30.20
45.10
25.50
29.40
41.60
28.10
30.30
47.60
25.20
27.20
43.10
27.80
29.10
49.10
25.00
25.90
47.60
25.60
26.80
45.80
26.30
27.90
44.10
26.70
29.20
48.40
25.20
26.40
38.50
26.60
34.90
42.50
27.40
30.10
49.80
25.00
25.20
42.80
25.40
31.80
45.90
25.00
29.10
49.60
25.00
25.40
45.10
27.40
27.50
44.00
27.00
29.00
35.40
26.30
38.30
41.60
26.60
31.80
37.60
26.20
36.20
48.10
25.30
26.60
43.40
27.10
29.50
35.60
31.40
33.00
49.10
25.10
25.80
36.80
31.40
31.80
37.00
30.70
32.30
42.10
28.30
29.60
43.00
27.80
29.20
35.70
27.90
36.40
49.50
25.20
25.30
45.30
26.30
28.40
49.70
25.00
25.30
45.60
26.70
27.70
38.40
27.00
34.60
40.70
27.50
31.80
41.90
26.10
32.00
