//Number of items      
60
//Bin Capacity         
100.00
//Known Best Solution  
20
//Weight of Item		  
46.70
25.50
27.80
42.20
26.90
30.90
45.30
26.80
27.90
41.10
25.60
33.30
43.60
27.00
29.40
45.50
25.10
29.40
48.90
25.30
25.80
49.50
25.00
25.50
39.40
25.10
35.50
49.60
25.00
25.40
40.60
29.20
30.20
43.70
27.80
28.50
45.90
26.20
27.90
46.90
26.40
26.70
47.80
25.80
26.40
42.80
26.60
30.60
49.20
25.10
25.70
40.30
25.50
34.20
42.50
28.50
29.00
45.90
26.00
28.10
