//Number of items      
1000
//Bin Capacity         
150.00
//Known Best Solution  
399
//Weight of Item		  
36.00
76.00
68.00
31.00
48.00
56.00
67.00
48.00
32.00
46.00
89.00
40.00
48.00
39.00
63.00
74.00
54.00
80.00
26.00
40.00
74.00
99.00
70.00
66.00
89.00
79.00
20.00
87.00
94.00
76.00
90.00
84.00
25.00
93.00
88.00
28.00
50.00
77.00
82.00
96.00
80.00
82.00
83.00
39.00
50.00
35.00
38.00
40.00
91.00
84.00
74.00
96.00
25.00
70.00
38.00
77.00
35.00
71.00
31.00
98.00
73.00
31.00
51.00
34.00
35.00
40.00
68.00
100.00
33.00
52.00
73.00
39.00
30.00
82.00
40.00
32.00
88.00
58.00
62.00
79.00
22.00
45.00
91.00
69.00
61.00
83.00
49.00
87.00
33.00
54.00
97.00
100.00
28.00
61.00
53.00
80.00
81.00
68.00
93.00
87.00
72.00
31.00
61.00
53.00
42.00
24.00
71.00
75.00
25.00
59.00
40.00
70.00
67.00
43.00
72.00
91.00
55.00
82.00
96.00
28.00
68.00
46.00
45.00
95.00
83.00
100.00
39.00
40.00
35.00
72.00
28.00
58.00
91.00
95.00
61.00
72.00
65.00
47.00
53.00
45.00
84.00
80.00
85.00
99.00
67.00
39.00
72.00
83.00
56.00
27.00
86.00
45.00
50.00
52.00
90.00
70.00
52.00
45.00
81.00
23.00
38.00
60.00
31.00
58.00
51.00
74.00
42.00
79.00
22.00
28.00
52.00
34.00
67.00
85.00
57.00
49.00
24.00
90.00
75.00
60.00
32.00
84.00
89.00
71.00
92.00
69.00
57.00
35.00
70.00
57.00
32.00
48.00
94.00
79.00
37.00
77.00
49.00
72.00
89.00
91.00
42.00
82.00
52.00
46.00
46.00
96.00
97.00
87.00
73.00
55.00
89.00
67.00
43.00
28.00
91.00
88.00
74.00
49.00
71.00
20.00
37.00
20.00
41.00
98.00
41.00
36.00
82.00
87.00
23.00
31.00
86.00
92.00
23.00
31.00
71.00
100.00
34.00
27.00
24.00
54.00
21.00
60.00
87.00
77.00
24.00
100.00
35.00
76.00
90.00
87.00
64.00
37.00
69.00
74.00
76.00
89.00
53.00
76.00
86.00
72.00
88.00
62.00
73.00
100.00
61.00
57.00
55.00
76.00
41.00
45.00
93.00
42.00
21.00
68.00
68.00
56.00
56.00
47.00
95.00
23.00
68.00
77.00
40.00
74.00
79.00
88.00
69.00
82.00
56.00
89.00
80.00
49.00
24.00
57.00
40.00
20.00
24.00
77.00
47.00
75.00
47.00
39.00
27.00
63.00
93.00
64.00
84.00
63.00
85.00
52.00
41.00
28.00
72.00
63.00
46.00
24.00
71.00
22.00
67.00
28.00
46.00
47.00
64.00
54.00
78.00
32.00
63.00
82.00
25.00
97.00
66.00
66.00
38.00
37.00
33.00
78.00
76.00
35.00
49.00
68.00
34.00
99.00
90.00
82.00
41.00
81.00
67.00
82.00
50.00
46.00
75.00
85.00
38.00
62.00
51.00
98.00
92.00
56.00
91.00
67.00
26.00
67.00
26.00
71.00
81.00
74.00
36.00
70.00
48.00
27.00
42.00
94.00
39.00
54.00
82.00
49.00
58.00
27.00
33.00
26.00
32.00
23.00
52.00
74.00
35.00
46.00
37.00
57.00
37.00
90.00
20.00
40.00
29.00
43.00
23.00
58.00
99.00
83.00
73.00
38.00
21.00
47.00
84.00
22.00
63.00
93.00
61.00
74.00
73.00
48.00
42.00
52.00
77.00
31.00
76.00
33.00
28.00
54.00
71.00
66.00
93.00
69.00
78.00
37.00
93.00
43.00
44.00
51.00
96.00
44.00
94.00
91.00
84.00
49.00
98.00
46.00
57.00
27.00
65.00
30.00
20.00
29.00
51.00
99.00
97.00
74.00
98.00
37.00
38.00
21.00
56.00
91.00
42.00
49.00
39.00
44.00
26.00
66.00
55.00
63.00
76.00
22.00
54.00
31.00
20.00
63.00
50.00
55.00
83.00
89.00
89.00
63.00
98.00
86.00
67.00
85.00
81.00
45.00
64.00
44.00
23.00
25.00
77.00
62.00
34.00
72.00
77.00
91.00
62.00
25.00
72.00
38.00
24.00
25.00
98.00
84.00
54.00
20.00
58.00
38.00
52.00
77.00
82.00
54.00
60.00
91.00
86.00
68.00
29.00
52.00
42.00
47.00
55.00
61.00
70.00
71.00
24.00
62.00
36.00
91.00
66.00
33.00
57.00
34.00
36.00
26.00
89.00
61.00
61.00
92.00
79.00
84.00
47.00
85.00
72.00
25.00
35.00
66.00
72.00
55.00
66.00
21.00
94.00
87.00
66.00
31.00
72.00
49.00
55.00
75.00
44.00
76.00
77.00
63.00
59.00
40.00
67.00
85.00
83.00
64.00
29.00
41.00
23.00
72.00
70.00
52.00
41.00
57.00
26.00
21.00
84.00
24.00
48.00
36.00
71.00
84.00
21.00
35.00
92.00
89.00
59.00
59.00
24.00
45.00
96.00
80.00
32.00
27.00
25.00
44.00
100.00
74.00
60.00
55.00
86.00
48.00
100.00
52.00
53.00
26.00
99.00
85.00
43.00
64.00
70.00
84.00
75.00
73.00
28.00
40.00
75.00
87.00
89.00
93.00
93.00
34.00
58.00
88.00
21.00
36.00
38.00
28.00
70.00
32.00
70.00
37.00
42.00
54.00
25.00
95.00
79.00
86.00
25.00
47.00
37.00
81.00
79.00
30.00
67.00
63.00
99.00
38.00
64.00
98.00
84.00
67.00
38.00
36.00
93.00
38.00
43.00
84.00
35.00
94.00
83.00
38.00
85.00
80.00
86.00
64.00
79.00
31.00
91.00
34.00
46.00
60.00
22.00
38.00
22.00
87.00
20.00
97.00
76.00
100.00
81.00
20.00
34.00
46.00
100.00
93.00
66.00
31.00
23.00
42.00
22.00
32.00
58.00
78.00
41.00
73.00
99.00
38.00
87.00
92.00
58.00
32.00
25.00
59.00
45.00
42.00
63.00
21.00
53.00
53.00
26.00
93.00
42.00
27.00
51.00
61.00
99.00
45.00
84.00
79.00
95.00
91.00
23.00
88.00
40.00
98.00
21.00
45.00
30.00
70.00
46.00
75.00
25.00
40.00
53.00
51.00
44.00
71.00
79.00
68.00
43.00
64.00
82.00
60.00
78.00
69.00
95.00
38.00
59.00
90.00
22.00
68.00
46.00
73.00
69.00
69.00
25.00
42.00
83.00
31.00
36.00
47.00
82.00
74.00
72.00
96.00
87.00
41.00
21.00
27.00
42.00
22.00
31.00
95.00
38.00
90.00
94.00
78.00
97.00
31.00
35.00
32.00
82.00
33.00
87.00
89.00
70.00
39.00
41.00
61.00
48.00
47.00
57.00
64.00
82.00
20.00
37.00
50.00
32.00
94.00
72.00
44.00
90.00
92.00
82.00
30.00
89.00
95.00
56.00
79.00
21.00
27.00
91.00
78.00
69.00
47.00
36.00
100.00
20.00
32.00
43.00
64.00
68.00
63.00
42.00
91.00
61.00
37.00
36.00
59.00
99.00
38.00
26.00
76.00
81.00
95.00
22.00
88.00
40.00
23.00
64.00
93.00
55.00
27.00
28.00
68.00
78.00
80.00
99.00
90.00
52.00
98.00
57.00
34.00
51.00
37.00
38.00
22.00
44.00
87.00
92.00
93.00
43.00
86.00
51.00
59.00
86.00
71.00
83.00
27.00
49.00
89.00
38.00
72.00
56.00
79.00
63.00
92.00
90.00
64.00
46.00
66.00
93.00
54.00
59.00
94.00
87.00
87.00
35.00
74.00
57.00
58.00
33.00
79.00
50.00
40.00
92.00
67.00
99.00
52.00
36.00
72.00
63.00
98.00
69.00
32.00
61.00
38.00
32.00
31.00
42.00
81.00
31.00
55.00
81.00
44.00
71.00
67.00
93.00
32.00
69.00
68.00
93.00
61.00
42.00
63.00
85.00
62.00
71.00
35.00
40.00
64.00
22.00
66.00
92.00
93.00
66.00
93.00
22.00
26.00
97.00
61.00
58.00
87.00
26.00
59.00
43.00
71.00
65.00
30.00
55.00
88.00
40.00
88.00
78.00
95.00
61.00
54.00
23.00
56.00
38.00
46.00
41.00
45.00
51.00
29.00
50.00
28.00
73.00
66.00
30.00
40.00
98.00
72.00
88.00
97.00
94.00
32.00
46.00
66.00
92.00
60.00
21.00
65.00
64.00
89.00
93.00
87.00
57.00
62.00
48.00
83.00
76.00
36.00
28.00
72.00
50.00
96.00
46.00
36.00
76.00
38.00
88.00
98.00
25.00
28.00
