//Number of items      
1000
//Bin Capacity         
150.00
//Known Best Solution  
401
//Weight of Item		  
75.00
39.00
46.00
32.00
92.00
91.00
42.00
35.00
47.00
30.00
76.00
31.00
56.00
54.00
27.00
83.00
95.00
73.00
74.00
28.00
27.00
69.00
32.00
62.00
68.00
97.00
73.00
62.00
28.00
64.00
26.00
69.00
30.00
24.00
38.00
96.00
55.00
28.00
42.00
89.00
62.00
49.00
69.00
52.00
63.00
38.00
32.00
44.00
40.00
94.00
26.00
50.00
91.00
26.00
71.00
87.00
42.00
21.00
89.00
77.00
27.00
46.00
68.00
30.00
51.00
20.00
54.00
21.00
43.00
77.00
22.00
92.00
65.00
62.00
68.00
80.00
93.00
43.00
61.00
81.00
93.00
42.00
95.00
46.00
57.00
66.00
75.00
48.00
50.00
81.00
47.00
40.00
23.00
22.00
21.00
23.00
69.00
22.00
45.00
86.00
100.00
37.00
29.00
51.00
78.00
93.00
72.00
51.00
40.00
60.00
85.00
56.00
73.00
98.00
64.00
90.00
53.00
89.00
33.00
78.00
72.00
43.00
77.00
49.00
83.00
58.00
96.00
52.00
43.00
70.00
63.00
52.00
81.00
96.00
41.00
58.00
68.00
62.00
85.00
86.00
85.00
20.00
66.00
58.00
27.00
80.00
90.00
86.00
56.00
71.00
100.00
31.00
63.00
35.00
71.00
89.00
52.00
61.00
97.00
26.00
72.00
37.00
94.00
74.00
87.00
39.00
64.00
50.00
68.00
60.00
93.00
49.00
54.00
23.00
45.00
69.00
74.00
30.00
26.00
79.00
50.00
99.00
58.00
78.00
91.00
59.00
25.00
97.00
62.00
40.00
58.00
31.00
45.00
20.00
100.00
83.00
61.00
33.00
95.00
39.00
59.00
37.00
96.00
59.00
60.00
98.00
64.00
31.00
75.00
100.00
28.00
49.00
62.00
98.00
49.00
74.00
47.00
58.00
26.00
22.00
86.00
92.00
59.00
63.00
79.00
71.00
100.00
36.00
32.00
93.00
58.00
78.00
48.00
56.00
74.00
65.00
21.00
88.00
27.00
38.00
79.00
43.00
56.00
39.00
89.00
81.00
87.00
37.00
57.00
51.00
23.00
83.00
27.00
43.00
49.00
48.00
33.00
31.00
89.00
64.00
87.00
38.00
71.00
28.00
27.00
54.00
63.00
32.00
98.00
82.00
93.00
40.00
76.00
72.00
100.00
40.00
52.00
48.00
72.00
64.00
23.00
55.00
100.00
36.00
68.00
90.00
100.00
65.00
72.00
53.00
34.00
52.00
99.00
27.00
40.00
68.00
54.00
34.00
71.00
26.00
68.00
65.00
44.00
95.00
92.00
37.00
31.00
59.00
75.00
79.00
87.00
50.00
75.00
68.00
26.00
94.00
49.00
86.00
69.00
76.00
36.00
85.00
51.00
49.00
50.00
71.00
38.00
51.00
95.00
38.00
42.00
95.00
66.00
36.00
21.00
66.00
91.00
63.00
71.00
79.00
56.00
21.00
66.00
100.00
54.00
42.00
45.00
61.00
49.00
46.00
61.00
50.00
60.00
23.00
97.00
97.00
67.00
26.00
48.00
84.00
20.00
92.00
61.00
70.00
72.00
41.00
85.00
27.00
22.00
97.00
50.00
72.00
51.00
29.00
45.00
29.00
66.00
42.00
42.00
37.00
74.00
90.00
93.00
33.00
32.00
72.00
71.00
98.00
62.00
82.00
51.00
21.00
52.00
99.00
27.00
37.00
80.00
58.00
92.00
76.00
32.00
44.00
94.00
73.00
50.00
89.00
27.00
24.00
37.00
51.00
88.00
20.00
97.00
98.00
55.00
69.00
24.00
71.00
53.00
51.00
58.00
81.00
21.00
96.00
28.00
27.00
95.00
71.00
44.00
30.00
88.00
46.00
44.00
37.00
72.00
48.00
83.00
93.00
86.00
70.00
48.00
67.00
64.00
31.00
98.00
40.00
41.00
92.00
93.00
93.00
95.00
22.00
52.00
37.00
99.00
44.00
20.00
82.00
79.00
67.00
87.00
86.00
43.00
87.00
47.00
83.00
58.00
77.00
72.00
57.00
52.00
32.00
81.00
90.00
33.00
80.00
56.00
32.00
92.00
30.00
86.00
37.00
23.00
52.00
85.00
89.00
86.00
93.00
47.00
56.00
81.00
57.00
96.00
72.00
43.00
70.00
59.00
58.00
35.00
47.00
98.00
51.00
74.00
49.00
66.00
74.00
27.00
30.00
89.00
65.00
51.00
54.00
34.00
73.00
48.00
86.00
49.00
80.00
68.00
69.00
69.00
97.00
31.00
100.00
87.00
94.00
43.00
21.00
49.00
32.00
73.00
81.00
55.00
77.00
55.00
75.00
35.00
35.00
98.00
84.00
76.00
66.00
36.00
100.00
34.00
49.00
66.00
55.00
35.00
47.00
95.00
83.00
79.00
58.00
64.00
65.00
39.00
24.00
44.00
62.00
42.00
100.00
59.00
74.00
80.00
66.00
54.00
98.00
56.00
31.00
78.00
30.00
95.00
100.00
42.00
98.00
46.00
78.00
74.00
65.00
65.00
95.00
36.00
41.00
85.00
27.00
63.00
100.00
62.00
72.00
34.00
22.00
55.00
39.00
22.00
21.00
73.00
80.00
51.00
63.00
54.00
20.00
88.00
43.00
83.00
36.00
95.00
20.00
26.00
66.00
45.00
42.00
47.00
89.00
93.00
56.00
57.00
87.00
72.00
78.00
67.00
87.00
43.00
59.00
94.00
86.00
44.00
28.00
29.00
36.00
94.00
48.00
65.00
77.00
70.00
23.00
92.00
73.00
26.00
92.00
26.00
31.00
53.00
56.00
91.00
70.00
50.00
80.00
95.00
25.00
88.00
57.00
57.00
22.00
99.00
47.00
28.00
75.00
64.00
92.00
65.00
20.00
37.00
81.00
69.00
33.00
60.00
72.00
63.00
29.00
22.00
43.00
50.00
23.00
62.00
85.00
37.00
51.00
57.00
62.00
100.00
21.00
72.00
88.00
73.00
39.00
96.00
29.00
72.00
70.00
31.00
34.00
55.00
44.00
79.00
76.00
71.00
61.00
33.00
54.00
32.00
45.00
92.00
95.00
83.00
36.00
56.00
38.00
49.00
52.00
100.00
83.00
21.00
91.00
86.00
69.00
93.00
60.00
97.00
42.00
65.00
46.00
40.00
62.00
99.00
63.00
26.00
28.00
28.00
45.00
61.00
65.00
69.00
81.00
98.00
29.00
65.00
70.00
69.00
86.00
25.00
29.00
31.00
93.00
59.00
40.00
87.00
86.00
51.00
35.00
31.00
48.00
78.00
95.00
36.00
75.00
84.00
31.00
31.00
95.00
78.00
77.00
64.00
66.00
96.00
63.00
92.00
30.00
76.00
62.00
81.00
29.00
59.00
66.00
33.00
47.00
96.00
100.00
52.00
41.00
93.00
72.00
75.00
47.00
43.00
46.00
64.00
46.00
34.00
44.00
97.00
35.00
23.00
94.00
29.00
64.00
41.00
48.00
77.00
71.00
60.00
69.00
81.00
44.00
98.00
57.00
37.00
29.00
54.00
97.00
48.00
65.00
48.00
53.00
67.00
83.00
86.00
98.00
64.00
35.00
58.00
79.00
42.00
82.00
21.00
49.00
74.00
22.00
38.00
25.00
60.00
65.00
34.00
91.00
38.00
43.00
48.00
35.00
90.00
76.00
79.00
51.00
85.00
66.00
36.00
82.00
56.00
41.00
64.00
63.00
26.00
54.00
69.00
49.00
21.00
39.00
91.00
27.00
50.00
36.00
70.00
42.00
42.00
32.00
37.00
46.00
93.00
52.00
68.00
77.00
31.00
67.00
99.00
91.00
64.00
89.00
59.00
57.00
75.00
46.00
80.00
39.00
44.00
53.00
64.00
86.00
55.00
67.00
28.00
41.00
71.00
70.00
84.00
21.00
100.00
41.00
97.00
87.00
49.00
26.00
41.00
71.00
31.00
84.00
79.00
98.00
61.00
50.00
89.00
59.00
39.00
66.00
87.00
68.00
30.00
82.00
92.00
76.00
38.00
88.00
75.00
38.00
60.00
22.00
24.00
73.00
25.00
37.00
58.00
23.00
38.00
71.00
60.00
81.00
80.00
51.00
33.00
99.00
54.00
76.00
21.00
61.00
23.00
70.00
70.00
99.00
24.00
55.00
43.00
91.00
70.00
65.00
78.00
96.00
48.00
56.00
61.00
69.00
48.00
53.00
50.00
33.00
97.00
28.00
52.00
96.00
51.00
95.00
62.00
42.00
34.00
84.00
74.00
79.00
56.00
28.00
83.00
45.00
52.00
60.00
97.00
91.00
43.00
84.00
47.00
61.00
28.00
34.00
71.00
96.00
74.00
38.00
90.00
72.00
30.00
78.00
49.00
81.00
58.00
53.00
