//Number of items      
1000
//Bin Capacity         
150.00
//Known Best Solution  
394
//Weight of Item		  
20.00
58.00
59.00
61.00
28.00
99.00
72.00
49.00
42.00
30.00
61.00
49.00
66.00
100.00
87.00
72.00
65.00
31.00
73.00
29.00
79.00
62.00
21.00
21.00
72.00
35.00
33.00
81.00
35.00
55.00
36.00
68.00
31.00
68.00
63.00
78.00
60.00
33.00
48.00
51.00
47.00
92.00
27.00
99.00
80.00
50.00
20.00
76.00
73.00
51.00
31.00
81.00
87.00
39.00
51.00
55.00
83.00
60.00
43.00
59.00
27.00
67.00
36.00
84.00
44.00
100.00
53.00
83.00
63.00
86.00
33.00
63.00
66.00
51.00
89.00
72.00
79.00
35.00
21.00
36.00
62.00
46.00
63.00
42.00
57.00
54.00
38.00
74.00
56.00
95.00
50.00
26.00
58.00
57.00
72.00
67.00
76.00
34.00
21.00
68.00
86.00
82.00
42.00
36.00
93.00
98.00
47.00
35.00
63.00
84.00
23.00
85.00
34.00
97.00
90.00
93.00
74.00
43.00
72.00
57.00
85.00
25.00
37.00
98.00
44.00
100.00
63.00
64.00
48.00
99.00
94.00
78.00
81.00
20.00
54.00
91.00
30.00
44.00
81.00
34.00
69.00
64.00
93.00
26.00
26.00
64.00
84.00
33.00
24.00
69.00
45.00
94.00
37.00
80.00
99.00
56.00
32.00
38.00
85.00
45.00
32.00
39.00
55.00
23.00
37.00
34.00
39.00
96.00
88.00
55.00
63.00
61.00
66.00
72.00
36.00
75.00
23.00
52.00
44.00
81.00
84.00
49.00
90.00
40.00
25.00
80.00
46.00
95.00
32.00
83.00
46.00
25.00
79.00
68.00
64.00
75.00
28.00
65.00
76.00
95.00
64.00
46.00
44.00
83.00
23.00
86.00
70.00
81.00
73.00
69.00
93.00
33.00
73.00
32.00
88.00
35.00
89.00
79.00
46.00
42.00
58.00
26.00
65.00
94.00
29.00
78.00
64.00
20.00
98.00
27.00
57.00
75.00
64.00
93.00
85.00
56.00
82.00
20.00
79.00
96.00
47.00
81.00
59.00
40.00
91.00
37.00
43.00
61.00
31.00
38.00
67.00
57.00
50.00
100.00
39.00
26.00
34.00
57.00
82.00
38.00
55.00
47.00
97.00
86.00
88.00
91.00
35.00
30.00
32.00
30.00
66.00
98.00
44.00
32.00
26.00
96.00
93.00
56.00
71.00
90.00
73.00
35.00
23.00
39.00
42.00
75.00
32.00
35.00
22.00
80.00
91.00
35.00
79.00
97.00
33.00
80.00
99.00
88.00
32.00
78.00
20.00
53.00
73.00
22.00
34.00
34.00
47.00
69.00
81.00
87.00
83.00
24.00
58.00
59.00
79.00
78.00
68.00
48.00
65.00
95.00
72.00
48.00
36.00
28.00
63.00
47.00
94.00
64.00
71.00
53.00
27.00
96.00
45.00
40.00
93.00
81.00
46.00
98.00
40.00
49.00
98.00
27.00
31.00
49.00
64.00
87.00
59.00
81.00
49.00
53.00
65.00
69.00
96.00
45.00
81.00
100.00
46.00
94.00
27.00
79.00
98.00
58.00
75.00
42.00
31.00
97.00
40.00
94.00
64.00
74.00
94.00
95.00
74.00
97.00
61.00
24.00
73.00
87.00
80.00
49.00
28.00
90.00
45.00
50.00
61.00
76.00
39.00
59.00
94.00
47.00
22.00
46.00
50.00
86.00
79.00
56.00
71.00
81.00
58.00
83.00
47.00
33.00
72.00
100.00
64.00
53.00
38.00
99.00
86.00
59.00
44.00
97.00
65.00
94.00
53.00
62.00
45.00
57.00
29.00
67.00
88.00
90.00
95.00
56.00
66.00
33.00
46.00
51.00
63.00
84.00
59.00
67.00
71.00
52.00
59.00
50.00
55.00
22.00
54.00
54.00
59.00
75.00
95.00
28.00
98.00
87.00
47.00
45.00
34.00
51.00
24.00
29.00
33.00
93.00
65.00
68.00
74.00
70.00
77.00
51.00
23.00
60.00
53.00
25.00
34.00
27.00
35.00
82.00
78.00
63.00
90.00
82.00
95.00
40.00
42.00
39.00
29.00
27.00
74.00
62.00
80.00
71.00
88.00
57.00
29.00
98.00
63.00
59.00
28.00
69.00
43.00
58.00
69.00
87.00
29.00
65.00
55.00
51.00
37.00
21.00
42.00
82.00
74.00
45.00
73.00
49.00
74.00
59.00
57.00
41.00
80.00
96.00
58.00
50.00
21.00
64.00
48.00
45.00
96.00
67.00
63.00
70.00
41.00
53.00
29.00
61.00
30.00
49.00
87.00
43.00
34.00
86.00
36.00
83.00
94.00
96.00
26.00
24.00
69.00
43.00
97.00
64.00
23.00
86.00
74.00
61.00
48.00
46.00
40.00
36.00
94.00
71.00
22.00
42.00
22.00
40.00
32.00
83.00
74.00
79.00
69.00
46.00
92.00
66.00
24.00
37.00
74.00
66.00
97.00
44.00
88.00
46.00
75.00
48.00
88.00
69.00
54.00
58.00
83.00
69.00
32.00
69.00
55.00
36.00
23.00
48.00
65.00
50.00
81.00
72.00
38.00
70.00
40.00
74.00
57.00
57.00
62.00
43.00
50.00
26.00
43.00
98.00
73.00
62.00
40.00
76.00
97.00
22.00
34.00
57.00
97.00
22.00
68.00
34.00
60.00
23.00
38.00
88.00
73.00
82.00
31.00
72.00
91.00
42.00
31.00
31.00
31.00
60.00
54.00
61.00
23.00
91.00
62.00
85.00
44.00
27.00
92.00
35.00
35.00
62.00
39.00
36.00
77.00
53.00
64.00
70.00
23.00
36.00
35.00
32.00
42.00
86.00
65.00
60.00
28.00
67.00
94.00
81.00
85.00
54.00
67.00
95.00
62.00
53.00
42.00
51.00
22.00
25.00
57.00
69.00
74.00
57.00
75.00
32.00
33.00
50.00
79.00
46.00
51.00
98.00
78.00
75.00
72.00
71.00
87.00
67.00
43.00
99.00
74.00
26.00
37.00
74.00
47.00
38.00
78.00
69.00
76.00
44.00
48.00
74.00
41.00
100.00
27.00
74.00
59.00
46.00
62.00
82.00
43.00
87.00
93.00
22.00
67.00
29.00
23.00
33.00
93.00
49.00
48.00
42.00
78.00
95.00
75.00
61.00
42.00
42.00
95.00
97.00
63.00
53.00
65.00
90.00
80.00
82.00
62.00
26.00
48.00
59.00
82.00
38.00
59.00
48.00
92.00
26.00
86.00
22.00
73.00
96.00
42.00
60.00
71.00
58.00
36.00
70.00
86.00
56.00
55.00
26.00
92.00
96.00
27.00
66.00
22.00
99.00
99.00
80.00
27.00
33.00
51.00
88.00
68.00
32.00
42.00
26.00
67.00
49.00
76.00
59.00
35.00
96.00
54.00
42.00
50.00
93.00
32.00
42.00
44.00
48.00
96.00
37.00
89.00
23.00
47.00
95.00
90.00
25.00
66.00
41.00
44.00
44.00
62.00
24.00
85.00
43.00
21.00
69.00
32.00
72.00
58.00
48.00
69.00
86.00
71.00
72.00
93.00
70.00
95.00
57.00
75.00
35.00
24.00
99.00
59.00
38.00
28.00
28.00
59.00
51.00
74.00
81.00
68.00
55.00
60.00
70.00
23.00
59.00
79.00
52.00
39.00
36.00
75.00
91.00
74.00
20.00
62.00
72.00
90.00
98.00
33.00
67.00
68.00
48.00
30.00
84.00
47.00
26.00
26.00
25.00
89.00
26.00
29.00
97.00
92.00
25.00
87.00
89.00
24.00
60.00
27.00
39.00
57.00
42.00
71.00
39.00
39.00
41.00
55.00
59.00
50.00
62.00
44.00
62.00
97.00
89.00
95.00
36.00
66.00
72.00
42.00
32.00
43.00
54.00
33.00
23.00
26.00
32.00
22.00
27.00
44.00
45.00
78.00
63.00
90.00
37.00
57.00
22.00
51.00
21.00
44.00
60.00
30.00
36.00
79.00
61.00
84.00
72.00
25.00
52.00
36.00
55.00
65.00
34.00
70.00
21.00
43.00
100.00
21.00
78.00
39.00
57.00
59.00
66.00
47.00
84.00
96.00
42.00
39.00
76.00
51.00
61.00
100.00
34.00
68.00
24.00
23.00
68.00
55.00
79.00
58.00
81.00
74.00
63.00
22.00
38.00
29.00
85.00
100.00
89.00
94.00
81.00
65.00
67.00
58.00
50.00
86.00
68.00
77.00
88.00
78.00
26.00
44.00
41.00
69.00
75.00
45.00
27.00
76.00
89.00
49.00
26.00
45.00
72.00
99.00
64.00
79.00
49.00
24.00
53.00
84.00
85.00
27.00
44.00
86.00
48.00
90.00
94.00
67.00
45.00
100.00
79.00
