//Number of items      
1000
//Bin Capacity         
150.00
//Known Best Solution  
393
//Weight of Item		  
31.00
59.00
52.00
48.00
39.00
65.00
33.00
28.00
48.00
40.00
64.00
20.00
84.00
42.00
83.00
70.00
92.00
71.00
58.00
84.00
32.00
96.00
43.00
61.00
32.00
97.00
26.00
30.00
33.00
55.00
81.00
61.00
54.00
75.00
87.00
83.00
72.00
21.00
100.00
85.00
61.00
92.00
34.00
66.00
68.00
86.00
71.00
73.00
65.00
46.00
91.00
26.00
37.00
88.00
94.00
33.00
31.00
45.00
84.00
69.00
41.00
41.00
68.00
43.00
51.00
46.00
20.00
83.00
49.00
84.00
30.00
90.00
99.00
79.00
37.00
34.00
90.00
95.00
88.00
59.00
50.00
52.00
92.00
38.00
75.00
82.00
40.00
78.00
35.00
58.00
61.00
86.00
29.00
75.00
72.00
49.00
23.00
40.00
69.00
49.00
65.00
81.00
39.00
56.00
72.00
32.00
32.00
66.00
72.00
29.00
55.00
39.00
31.00
83.00
89.00
60.00
91.00
39.00
54.00
57.00
92.00
20.00
33.00
66.00
92.00
47.00
29.00
48.00
26.00
80.00
67.00
42.00
46.00
82.00
53.00
84.00
51.00
95.00
86.00
40.00
24.00
68.00
79.00
62.00
72.00
23.00
43.00
65.00
85.00
29.00
61.00
100.00
37.00
89.00
89.00
20.00
34.00
63.00
72.00
91.00
30.00
49.00
62.00
21.00
54.00
100.00
37.00
70.00
38.00
35.00
33.00
56.00
48.00
77.00
73.00
23.00
46.00
86.00
87.00
45.00
20.00
44.00
64.00
33.00
92.00
93.00
53.00
22.00
81.00
64.00
45.00
75.00
75.00
75.00
37.00
49.00
78.00
73.00
73.00
26.00
35.00
26.00
87.00
37.00
77.00
48.00
59.00
94.00
21.00
24.00
100.00
92.00
21.00
86.00
23.00
24.00
66.00
88.00
93.00
84.00
95.00
22.00
33.00
93.00
51.00
28.00
39.00
83.00
66.00
74.00
34.00
100.00
100.00
58.00
43.00
91.00
64.00
75.00
20.00
93.00
94.00
69.00
88.00
38.00
69.00
55.00
91.00
69.00
76.00
93.00
59.00
39.00
31.00
66.00
34.00
76.00
49.00
50.00
84.00
35.00
57.00
57.00
77.00
69.00
40.00
76.00
23.00
55.00
87.00
53.00
94.00
31.00
60.00
77.00
36.00
99.00
20.00
94.00
21.00
87.00
99.00
23.00
71.00
23.00
43.00
58.00
85.00
88.00
24.00
78.00
83.00
69.00
20.00
44.00
33.00
75.00
51.00
20.00
54.00
80.00
67.00
56.00
93.00
49.00
27.00
22.00
30.00
34.00
68.00
43.00
43.00
45.00
64.00
78.00
22.00
32.00
99.00
84.00
55.00
59.00
68.00
80.00
88.00
52.00
40.00
94.00
48.00
58.00
34.00
20.00
95.00
49.00
84.00
47.00
26.00
86.00
88.00
24.00
88.00
56.00
80.00
76.00
98.00
25.00
47.00
78.00
58.00
44.00
49.00
64.00
98.00
55.00
76.00
53.00
87.00
69.00
98.00
44.00
63.00
51.00
34.00
39.00
37.00
77.00
80.00
33.00
26.00
78.00
78.00
76.00
79.00
47.00
62.00
86.00
47.00
76.00
65.00
82.00
62.00
97.00
27.00
56.00
35.00
95.00
72.00
67.00
78.00
32.00
56.00
20.00
95.00
30.00
44.00
24.00
78.00
85.00
74.00
44.00
48.00
90.00
26.00
85.00
57.00
67.00
56.00
34.00
26.00
39.00
87.00
96.00
51.00
97.00
100.00
57.00
46.00
77.00
73.00
99.00
45.00
71.00
26.00
39.00
38.00
29.00
86.00
79.00
20.00
34.00
86.00
75.00
96.00
22.00
61.00
27.00
93.00
36.00
81.00
36.00
91.00
43.00
23.00
39.00
24.00
76.00
55.00
21.00
68.00
28.00
48.00
43.00
21.00
99.00
80.00
51.00
67.00
35.00
82.00
20.00
93.00
89.00
35.00
91.00
79.00
58.00
54.00
28.00
25.00
96.00
28.00
74.00
90.00
100.00
92.00
24.00
77.00
66.00
88.00
48.00
36.00
91.00
25.00
61.00
99.00
85.00
24.00
20.00
68.00
36.00
24.00
53.00
54.00
43.00
35.00
71.00
73.00
25.00
78.00
84.00
75.00
95.00
90.00
44.00
68.00
53.00
97.00
28.00
73.00
64.00
41.00
34.00
75.00
49.00
60.00
27.00
21.00
68.00
61.00
31.00
43.00
21.00
95.00
54.00
78.00
76.00
56.00
48.00
27.00
28.00
99.00
28.00
79.00
92.00
95.00
34.00
24.00
84.00
32.00
23.00
98.00
20.00
42.00
97.00
80.00
97.00
76.00
87.00
38.00
63.00
91.00
72.00
36.00
68.00
92.00
93.00
43.00
20.00
66.00
98.00
80.00
55.00
69.00
41.00
88.00
94.00
36.00
88.00
39.00
37.00
30.00
56.00
55.00
20.00
27.00
89.00
41.00
52.00
22.00
57.00
90.00
27.00
55.00
57.00
33.00
46.00
50.00
22.00
35.00
54.00
84.00
71.00
55.00
95.00
97.00
53.00
52.00
94.00
49.00
65.00
26.00
51.00
61.00
40.00
22.00
91.00
98.00
98.00
47.00
70.00
32.00
65.00
49.00
94.00
57.00
27.00
39.00
30.00
64.00
60.00
39.00
55.00
91.00
36.00
50.00
93.00
23.00
26.00
56.00
54.00
54.00
77.00
95.00
97.00
33.00
46.00
90.00
40.00
34.00
81.00
45.00
21.00
29.00
28.00
50.00
70.00
50.00
83.00
73.00
59.00
56.00
45.00
100.00
44.00
38.00
65.00
32.00
83.00
88.00
79.00
76.00
50.00
69.00
88.00
74.00
33.00
39.00
82.00
90.00
62.00
74.00
31.00
68.00
55.00
79.00
61.00
45.00
50.00
38.00
53.00
85.00
82.00
58.00
50.00
32.00
22.00
86.00
45.00
98.00
99.00
29.00
38.00
33.00
89.00
42.00
69.00
25.00
82.00
43.00
43.00
67.00
85.00
59.00
46.00
23.00
43.00
38.00
60.00
33.00
41.00
24.00
52.00
93.00
66.00
86.00
62.00
33.00
90.00
72.00
32.00
42.00
95.00
57.00
75.00
20.00
86.00
36.00
81.00
48.00
96.00
75.00
51.00
86.00
23.00
72.00
24.00
95.00
26.00
61.00
82.00
80.00
22.00
62.00
94.00
36.00
86.00
97.00
93.00
75.00
54.00
45.00
55.00
75.00
63.00
41.00
44.00
69.00
57.00
50.00
90.00
76.00
56.00
68.00
52.00
26.00
48.00
41.00
42.00
62.00
73.00
62.00
47.00
21.00
80.00
85.00
81.00
47.00
66.00
44.00
32.00
59.00
97.00
61.00
31.00
71.00
44.00
82.00
60.00
59.00
71.00
86.00
55.00
43.00
65.00
21.00
71.00
59.00
40.00
74.00
22.00
100.00
64.00
92.00
32.00
32.00
77.00
85.00
43.00
54.00
45.00
57.00
36.00
72.00
24.00
63.00
56.00
23.00
69.00
26.00
37.00
21.00
27.00
29.00
37.00
35.00
24.00
47.00
80.00
56.00
54.00
67.00
25.00
59.00
78.00
22.00
28.00
22.00
22.00
87.00
24.00
26.00
66.00
59.00
54.00
48.00
63.00
35.00
63.00
47.00
99.00
69.00
76.00
26.00
42.00
55.00
70.00
59.00
81.00
75.00
46.00
67.00
43.00
51.00
33.00
67.00
70.00
86.00
88.00
78.00
65.00
52.00
45.00
44.00
95.00
36.00
70.00
72.00
22.00
96.00
53.00
81.00
55.00
21.00
27.00
53.00
57.00
23.00
69.00
32.00
58.00
26.00
87.00
34.00
71.00
67.00
89.00
95.00
81.00
94.00
57.00
64.00
96.00
63.00
49.00
66.00
59.00
40.00
54.00
25.00
93.00
81.00
71.00
68.00
61.00
92.00
63.00
90.00
29.00
78.00
47.00
34.00
65.00
90.00
25.00
40.00
99.00
35.00
40.00
94.00
39.00
41.00
65.00
97.00
61.00
89.00
73.00
89.00
85.00
34.00
86.00
25.00
83.00
39.00
88.00
33.00
32.00
31.00
94.00
24.00
62.00
99.00
31.00
99.00
43.00
74.00
81.00
55.00
67.00
85.00
71.00
68.00
21.00
29.00
59.00
33.00
94.00
65.00
45.00
60.00
58.00
81.00
41.00
31.00
69.00
59.00
91.00
25.00
56.00
59.00
24.00
82.00
40.00
80.00
92.00
87.00
25.00
57.00
66.00
35.00
55.00
77.00
90.00
90.00
74.00
34.00
58.00
24.00
69.00
55.00
72.00
48.00
69.00
