//Number of items      
1000
//Bin Capacity         
150.00
//Known Best Solution  
411
//Weight of Item		  
65.00
58.00
79.00
76.00
84.00
63.00
91.00
81.00
30.00
57.00
71.00
67.00
33.00
27.00
99.00
36.00
48.00
66.00
68.00
66.00
40.00
87.00
99.00
59.00
42.00
50.00
51.00
87.00
98.00
64.00
32.00
41.00
56.00
85.00
87.00
95.00
46.00
75.00
37.00
54.00
58.00
82.00
57.00
26.00
94.00
31.00
71.00
95.00
27.00
29.00
38.00
37.00
55.00
94.00
70.00
90.00
29.00
98.00
27.00
95.00
98.00
95.00
98.00
51.00
47.00
71.00
27.00
61.00
49.00
66.00
93.00
89.00
34.00
60.00
33.00
97.00
74.00
95.00
44.00
96.00
88.00
89.00
84.00
52.00
50.00
53.00
90.00
94.00
98.00
46.00
62.00
68.00
45.00
77.00
49.00
82.00
51.00
95.00
33.00
94.00
98.00
75.00
47.00
42.00
64.00
34.00
51.00
68.00
27.00
42.00
87.00
65.00
44.00
62.00
84.00
75.00
70.00
44.00
84.00
54.00
92.00
58.00
50.00
61.00
95.00
59.00
22.00
24.00
56.00
59.00
45.00
54.00
43.00
70.00
97.00
97.00
29.00
42.00
55.00
67.00
91.00
26.00
61.00
65.00
28.00
26.00
54.00
96.00
49.00
46.00
100.00
68.00
58.00
43.00
36.00
78.00
40.00
22.00
41.00
82.00
46.00
58.00
29.00
97.00
62.00
69.00
57.00
67.00
85.00
32.00
93.00
43.00
47.00
99.00
20.00
81.00
70.00
91.00
23.00
80.00
43.00
81.00
22.00
76.00
95.00
29.00
60.00
50.00
99.00
38.00
79.00
20.00
67.00
63.00
89.00
85.00
97.00
100.00
33.00
100.00
43.00
31.00
57.00
45.00
48.00
72.00
26.00
66.00
30.00
81.00
43.00
62.00
86.00
64.00
89.00
22.00
100.00
73.00
38.00
63.00
32.00
31.00
33.00
88.00
72.00
74.00
100.00
57.00
97.00
49.00
80.00
98.00
71.00
82.00
28.00
67.00
88.00
57.00
44.00
78.00
74.00
47.00
57.00
96.00
47.00
82.00
55.00
90.00
63.00
55.00
87.00
100.00
69.00
94.00
71.00
91.00
74.00
76.00
68.00
82.00
96.00
85.00
96.00
85.00
79.00
71.00
56.00
86.00
46.00
55.00
44.00
35.00
29.00
42.00
65.00
49.00
82.00
73.00
70.00
63.00
94.00
63.00
71.00
86.00
27.00
93.00
80.00
42.00
45.00
93.00
69.00
76.00
61.00
29.00
81.00
46.00
42.00
74.00
45.00
88.00
96.00
40.00
31.00
47.00
82.00
60.00
43.00
20.00
80.00
69.00
46.00
90.00
34.00
81.00
59.00
43.00
61.00
28.00
56.00
32.00
90.00
60.00
66.00
70.00
77.00
43.00
92.00
85.00
45.00
74.00
40.00
51.00
48.00
30.00
41.00
63.00
71.00
43.00
24.00
91.00
48.00
65.00
41.00
34.00
47.00
88.00
73.00
57.00
50.00
68.00
80.00
34.00
70.00
96.00
80.00
26.00
77.00
53.00
82.00
78.00
74.00
87.00
69.00
97.00
87.00
64.00
31.00
77.00
25.00
60.00
20.00
66.00
48.00
80.00
77.00
90.00
69.00
61.00
93.00
41.00
35.00
28.00
68.00
59.00
27.00
34.00
24.00
56.00
42.00
29.00
52.00
42.00
27.00
83.00
78.00
40.00
37.00
21.00
77.00
43.00
45.00
76.00
53.00
36.00
61.00
52.00
53.00
41.00
76.00
83.00
49.00
38.00
71.00
64.00
89.00
48.00
32.00
69.00
80.00
88.00
41.00
46.00
37.00
60.00
63.00
20.00
47.00
40.00
93.00
46.00
84.00
77.00
92.00
51.00
87.00
49.00
75.00
58.00
61.00
83.00
53.00
22.00
79.00
80.00
92.00
96.00
49.00
53.00
22.00
50.00
71.00
73.00
66.00
23.00
70.00
76.00
93.00
46.00
39.00
40.00
93.00
41.00
36.00
60.00
35.00
25.00
99.00
79.00
52.00
22.00
66.00
44.00
68.00
73.00
60.00
56.00
76.00
95.00
95.00
53.00
37.00
68.00
87.00
20.00
38.00
95.00
95.00
86.00
47.00
68.00
66.00
37.00
44.00
47.00
77.00
26.00
90.00
97.00
86.00
57.00
72.00
83.00
38.00
84.00
82.00
88.00
47.00
43.00
59.00
92.00
78.00
25.00
25.00
47.00
65.00
42.00
41.00
36.00
54.00
43.00
87.00
51.00
65.00
98.00
82.00
34.00
21.00
94.00
100.00
80.00
95.00
32.00
23.00
26.00
93.00
70.00
96.00
79.00
68.00
93.00
74.00
76.00
99.00
75.00
44.00
94.00
93.00
38.00
44.00
45.00
49.00
22.00
39.00
87.00
74.00
25.00
59.00
22.00
44.00
70.00
51.00
68.00
33.00
25.00
77.00
55.00
75.00
87.00
42.00
79.00
50.00
78.00
43.00
20.00
88.00
56.00
93.00
75.00
56.00
36.00
70.00
47.00
94.00
24.00
35.00
47.00
26.00
48.00
40.00
48.00
77.00
30.00
36.00
96.00
63.00
47.00
22.00
60.00
51.00
84.00
90.00
46.00
98.00
59.00
94.00
59.00
54.00
38.00
79.00
77.00
73.00
61.00
21.00
21.00
83.00
81.00
34.00
37.00
76.00
49.00
23.00
75.00
79.00
98.00
100.00
29.00
88.00
83.00
80.00
100.00
56.00
61.00
31.00
37.00
43.00
69.00
78.00
28.00
41.00
82.00
56.00
31.00
25.00
22.00
46.00
68.00
63.00
75.00
64.00
76.00
65.00
98.00
77.00
36.00
21.00
86.00
63.00
95.00
61.00
22.00
45.00
49.00
35.00
63.00
43.00
71.00
23.00
53.00
100.00
41.00
50.00
51.00
26.00
54.00
62.00
27.00
68.00
73.00
79.00
47.00
53.00
53.00
56.00
85.00
93.00
36.00
97.00
29.00
65.00
20.00
32.00
49.00
83.00
33.00
49.00
90.00
93.00
64.00
71.00
45.00
59.00
74.00
77.00
58.00
91.00
88.00
60.00
67.00
44.00
42.00
89.00
79.00
40.00
88.00
95.00
81.00
73.00
82.00
23.00
20.00
22.00
92.00
75.00
23.00
74.00
25.00
79.00
62.00
48.00
21.00
74.00
28.00
78.00
73.00
31.00
44.00
28.00
37.00
77.00
52.00
23.00
82.00
97.00
52.00
90.00
94.00
28.00
95.00
37.00
51.00
29.00
31.00
81.00
61.00
24.00
92.00
70.00
56.00
100.00
61.00
85.00
83.00
53.00
44.00
70.00
65.00
25.00
39.00
71.00
26.00
63.00
99.00
64.00
97.00
88.00
54.00
91.00
53.00
96.00
44.00
49.00
94.00
63.00
65.00
90.00
37.00
30.00
28.00
53.00
83.00
41.00
54.00
89.00
32.00
49.00
40.00
80.00
63.00
89.00
74.00
89.00
20.00
25.00
75.00
31.00
56.00
92.00
85.00
40.00
97.00
56.00
100.00
55.00
35.00
27.00
96.00
89.00
29.00
44.00
26.00
49.00
73.00
72.00
50.00
52.00
77.00
35.00
97.00
79.00
45.00
75.00
62.00
91.00
50.00
37.00
25.00
65.00
97.00
62.00
74.00
81.00
72.00
100.00
57.00
49.00
83.00
23.00
92.00
63.00
55.00
81.00
64.00
88.00
50.00
74.00
52.00
25.00
97.00
48.00
43.00
49.00
33.00
86.00
35.00
71.00
21.00
90.00
95.00
88.00
80.00
93.00
73.00
60.00
96.00
65.00
56.00
32.00
88.00
67.00
69.00
63.00
26.00
51.00
59.00
85.00
41.00
91.00
70.00
92.00
44.00
53.00
49.00
91.00
33.00
57.00
26.00
99.00
24.00
48.00
52.00
92.00
43.00
46.00
47.00
96.00
36.00
88.00
55.00
55.00
76.00
51.00
87.00
44.00
58.00
34.00
69.00
43.00
56.00
37.00
74.00
82.00
64.00
75.00
99.00
36.00
54.00
76.00
72.00
21.00
33.00
61.00
87.00
54.00
82.00
94.00
87.00
46.00
71.00
83.00
71.00
44.00
87.00
20.00
31.00
67.00
93.00
100.00
94.00
97.00
64.00
63.00
36.00
89.00
48.00
34.00
41.00
42.00
74.00
30.00
48.00
73.00
37.00
100.00
49.00
58.00
50.00
50.00
86.00
79.00
91.00
98.00
63.00
24.00
82.00
24.00
48.00
26.00
98.00
82.00
75.00
62.00
55.00
82.00
87.00
74.00
87.00
32.00
73.00
28.00
95.00
84.00
29.00
82.00
68.00
70.00
49.00
88.00
23.00
78.00
96.00
