//Number of items      
1000
//Bin Capacity         
150.00
//Known Best Solution  
402
//Weight of Item		  
68.00
90.00
85.00
63.00
37.00
77.00
79.00
87.00
62.00
70.00
81.00
84.00
83.00
86.00
94.00
27.00
96.00
63.00
20.00
73.00
54.00
76.00
76.00
56.00
42.00
27.00
58.00
45.00
28.00
48.00
38.00
89.00
88.00
80.00
87.00
89.00
26.00
76.00
87.00
52.00
74.00
77.00
98.00
83.00
73.00
51.00
92.00
40.00
47.00
20.00
39.00
42.00
28.00
100.00
49.00
75.00
20.00
70.00
83.00
83.00
59.00
83.00
36.00
61.00
81.00
75.00
53.00
23.00
91.00
77.00
48.00
81.00
66.00
43.00
33.00
82.00
42.00
51.00
73.00
73.00
50.00
25.00
35.00
74.00
28.00
43.00
75.00
29.00
82.00
95.00
60.00
53.00
40.00
48.00
31.00
34.00
63.00
72.00
53.00
72.00
66.00
95.00
40.00
23.00
99.00
55.00
71.00
74.00
28.00
37.00
22.00
23.00
49.00
42.00
63.00
67.00
88.00
54.00
78.00
86.00
91.00
73.00
60.00
21.00
82.00
87.00
89.00
74.00
65.00
49.00
89.00
21.00
62.00
78.00
77.00
48.00
64.00
25.00
49.00
78.00
69.00
35.00
72.00
98.00
94.00
30.00
32.00
97.00
43.00
79.00
58.00
54.00
83.00
70.00
49.00
39.00
83.00
85.00
97.00
99.00
76.00
67.00
95.00
79.00
42.00
99.00
20.00
84.00
35.00
29.00
60.00
48.00
55.00
20.00
74.00
31.00
22.00
20.00
67.00
63.00
21.00
40.00
91.00
66.00
52.00
29.00
96.00
91.00
70.00
91.00
28.00
21.00
60.00
86.00
25.00
32.00
49.00
49.00
86.00
23.00
34.00
36.00
25.00
86.00
79.00
76.00
39.00
85.00
56.00
31.00
29.00
82.00
25.00
75.00
49.00
86.00
48.00
91.00
84.00
69.00
43.00
50.00
90.00
81.00
61.00
28.00
92.00
97.00
59.00
68.00
81.00
37.00
28.00
65.00
29.00
73.00
79.00
47.00
50.00
31.00
47.00
80.00
78.00
58.00
39.00
49.00
85.00
93.00
74.00
58.00
20.00
46.00
90.00
72.00
84.00
74.00
54.00
80.00
40.00
98.00
52.00
26.00
52.00
56.00
94.00
72.00
56.00
31.00
80.00
33.00
29.00
94.00
30.00
91.00
67.00
73.00
40.00
40.00
99.00
60.00
74.00
44.00
70.00
70.00
48.00
85.00
89.00
75.00
90.00
63.00
71.00
91.00
53.00
49.00
88.00
55.00
88.00
89.00
69.00
85.00
77.00
26.00
55.00
84.00
22.00
61.00
69.00
26.00
99.00
92.00
73.00
38.00
64.00
43.00
34.00
98.00
62.00
100.00
22.00
94.00
43.00
25.00
46.00
33.00
91.00
30.00
99.00
51.00
98.00
24.00
43.00
96.00
69.00
24.00
77.00
28.00
35.00
53.00
44.00
49.00
88.00
70.00
65.00
48.00
45.00
74.00
23.00
66.00
32.00
68.00
34.00
85.00
59.00
90.00
38.00
56.00
47.00
75.00
50.00
57.00
35.00
49.00
57.00
29.00
55.00
86.00
45.00
68.00
66.00
44.00
66.00
42.00
53.00
41.00
53.00
24.00
36.00
22.00
76.00
43.00
24.00
28.00
31.00
90.00
60.00
94.00
96.00
35.00
44.00
98.00
46.00
56.00
82.00
96.00
38.00
31.00
92.00
72.00
31.00
26.00
90.00
90.00
83.00
96.00
81.00
48.00
80.00
23.00
59.00
54.00
52.00
57.00
33.00
29.00
42.00
36.00
41.00
20.00
93.00
29.00
57.00
23.00
39.00
25.00
80.00
78.00
92.00
76.00
35.00
55.00
50.00
46.00
34.00
22.00
40.00
38.00
63.00
63.00
39.00
69.00
26.00
41.00
69.00
20.00
20.00
89.00
39.00
90.00
63.00
44.00
66.00
42.00
95.00
37.00
96.00
27.00
24.00
61.00
25.00
69.00
26.00
87.00
89.00
74.00
97.00
81.00
83.00
76.00
99.00
35.00
87.00
21.00
44.00
92.00
93.00
36.00
28.00
88.00
47.00
56.00
88.00
56.00
42.00
50.00
26.00
87.00
28.00
42.00
49.00
72.00
50.00
59.00
59.00
60.00
72.00
100.00
51.00
47.00
58.00
83.00
98.00
75.00
65.00
66.00
39.00
21.00
33.00
62.00
73.00
61.00
78.00
100.00
33.00
93.00
91.00
52.00
42.00
52.00
23.00
51.00
79.00
43.00
89.00
40.00
88.00
49.00
100.00
67.00
25.00
52.00
78.00
32.00
46.00
67.00
52.00
58.00
55.00
32.00
95.00
85.00
94.00
27.00
54.00
72.00
36.00
22.00
67.00
77.00
52.00
64.00
50.00
79.00
27.00
90.00
29.00
25.00
30.00
92.00
52.00
88.00
89.00
24.00
96.00
78.00
71.00
80.00
33.00
72.00
30.00
88.00
52.00
27.00
37.00
51.00
27.00
65.00
62.00
66.00
83.00
85.00
23.00
33.00
76.00
73.00
64.00
50.00
61.00
90.00
59.00
82.00
99.00
34.00
24.00
38.00
91.00
68.00
92.00
95.00
78.00
44.00
93.00
92.00
27.00
28.00
88.00
52.00
77.00
85.00
61.00
42.00
99.00
21.00
39.00
68.00
29.00
59.00
77.00
71.00
24.00
88.00
29.00
37.00
34.00
20.00
31.00
87.00
96.00
84.00
84.00
34.00
89.00
53.00
84.00
74.00
71.00
21.00
52.00
37.00
42.00
71.00
49.00
69.00
58.00
96.00
80.00
95.00
71.00
64.00
96.00
87.00
64.00
57.00
81.00
40.00
59.00
70.00
65.00
64.00
39.00
65.00
59.00
68.00
51.00
77.00
64.00
78.00
46.00
73.00
51.00
27.00
34.00
30.00
30.00
61.00
78.00
55.00
42.00
56.00
78.00
79.00
92.00
24.00
53.00
95.00
38.00
88.00
81.00
67.00
56.00
22.00
26.00
84.00
86.00
27.00
99.00
72.00
39.00
32.00
44.00
72.00
52.00
53.00
89.00
65.00
78.00
88.00
47.00
23.00
72.00
62.00
45.00
51.00
28.00
83.00
45.00
79.00
61.00
39.00
53.00
43.00
91.00
83.00
65.00
45.00
72.00
98.00
39.00
68.00
88.00
48.00
41.00
43.00
33.00
35.00
28.00
27.00
83.00
43.00
45.00
77.00
85.00
62.00
90.00
60.00
92.00
95.00
29.00
78.00
21.00
89.00
36.00
79.00
39.00
81.00
86.00
66.00
53.00
50.00
90.00
96.00
25.00
75.00
40.00
44.00
60.00
69.00
75.00
95.00
49.00
61.00
30.00
26.00
40.00
80.00
28.00
91.00
97.00
41.00
55.00
81.00
54.00
66.00
55.00
47.00
34.00
78.00
45.00
52.00
72.00
97.00
49.00
70.00
21.00
86.00
87.00
27.00
81.00
54.00
50.00
47.00
86.00
96.00
71.00
22.00
20.00
52.00
91.00
100.00
87.00
55.00
57.00
84.00
43.00
65.00
42.00
73.00
84.00
49.00
32.00
86.00
60.00
72.00
82.00
63.00
70.00
92.00
55.00
82.00
48.00
37.00
47.00
26.00
90.00
100.00
81.00
38.00
41.00
53.00
93.00
44.00
80.00
97.00
76.00
41.00
91.00
70.00
56.00
74.00
47.00
88.00
80.00
27.00
73.00
50.00
63.00
37.00
70.00
96.00
72.00
42.00
45.00
95.00
40.00
91.00
23.00
20.00
74.00
33.00
79.00
86.00
93.00
77.00
59.00
89.00
45.00
64.00
20.00
71.00
62.00
52.00
24.00
24.00
25.00
50.00
47.00
45.00
66.00
66.00
26.00
80.00
37.00
93.00
37.00
53.00
75.00
25.00
65.00
24.00
47.00
62.00
81.00
89.00
63.00
40.00
97.00
49.00
36.00
81.00
64.00
34.00
29.00
50.00
53.00
90.00
91.00
96.00
91.00
79.00
45.00
67.00
53.00
75.00
28.00
65.00
84.00
100.00
78.00
94.00
78.00
43.00
43.00
81.00
71.00
51.00
91.00
95.00
20.00
40.00
96.00
36.00
100.00
97.00
82.00
34.00
79.00
28.00
66.00
96.00
81.00
63.00
63.00
42.00
89.00
89.00
61.00
54.00
81.00
70.00
87.00
38.00
57.00
25.00
47.00
32.00
53.00
49.00
20.00
33.00
37.00
32.00
85.00
99.00
49.00
78.00
91.00
93.00
80.00
50.00
52.00
81.00
58.00
42.00
26.00
71.00
54.00
51.00
87.00
68.00
56.00
27.00
61.00
51.00
30.00
44.00
20.00
35.00
65.00
96.00
52.00
24.00
