//Number of items      
1000
//Bin Capacity         
150.00
//Known Best Solution  
404
//Weight of Item		  
32.00
64.00
82.00
61.00
82.00
21.00
60.00
67.00
90.00
76.00
28.00
57.00
64.00
33.00
70.00
76.00
22.00
70.00
74.00
86.00
85.00
65.00
72.00
34.00
91.00
78.00
98.00
26.00
82.00
49.00
21.00
29.00
63.00
86.00
24.00
93.00
94.00
98.00
91.00
46.00
20.00
62.00
84.00
63.00
33.00
23.00
46.00
64.00
88.00
21.00
43.00
66.00
82.00
63.00
68.00
58.00
32.00
97.00
32.00
59.00
31.00
25.00
83.00
50.00
62.00
80.00
63.00
32.00
31.00
82.00
98.00
87.00
35.00
74.00
80.00
25.00
64.00
87.00
93.00
77.00
22.00
77.00
35.00
77.00
55.00
64.00
75.00
76.00
46.00
59.00
31.00
28.00
62.00
67.00
68.00
57.00
63.00
23.00
88.00
48.00
75.00
50.00
63.00
73.00
20.00
48.00
51.00
65.00
24.00
37.00
97.00
40.00
85.00
49.00
67.00
82.00
93.00
90.00
76.00
35.00
98.00
39.00
40.00
60.00
83.00
26.00
40.00
51.00
55.00
78.00
79.00
60.00
64.00
41.00
88.00
97.00
34.00
73.00
52.00
71.00
21.00
96.00
56.00
41.00
59.00
59.00
51.00
66.00
97.00
89.00
86.00
51.00
70.00
60.00
61.00
64.00
80.00
93.00
64.00
84.00
83.00
83.00
76.00
43.00
83.00
74.00
20.00
97.00
91.00
26.00
29.00
48.00
96.00
92.00
58.00
50.00
62.00
22.00
70.00
37.00
93.00
97.00
41.00
79.00
21.00
58.00
28.00
89.00
23.00
100.00
31.00
87.00
60.00
67.00
57.00
76.00
92.00
94.00
83.00
42.00
20.00
59.00
70.00
50.00
90.00
28.00
54.00
37.00
42.00
33.00
75.00
67.00
63.00
86.00
33.00
68.00
43.00
37.00
20.00
82.00
73.00
62.00
47.00
23.00
93.00
47.00
97.00
55.00
69.00
53.00
39.00
67.00
98.00
77.00
36.00
80.00
94.00
42.00
78.00
94.00
56.00
34.00
23.00
85.00
51.00
79.00
26.00
60.00
52.00
37.00
44.00
54.00
44.00
38.00
29.00
72.00
20.00
31.00
82.00
67.00
32.00
81.00
52.00
78.00
40.00
47.00
87.00
76.00
85.00
80.00
77.00
28.00
65.00
28.00
97.00
39.00
20.00
68.00
22.00
94.00
34.00
46.00
87.00
35.00
41.00
97.00
75.00
83.00
87.00
66.00
40.00
90.00
88.00
38.00
44.00
42.00
91.00
99.00
75.00
80.00
40.00
95.00
39.00
99.00
56.00
91.00
81.00
21.00
95.00
65.00
25.00
81.00
71.00
40.00
27.00
82.00
82.00
86.00
24.00
31.00
66.00
58.00
89.00
87.00
67.00
74.00
57.00
26.00
65.00
68.00
68.00
35.00
74.00
57.00
27.00
81.00
38.00
55.00
32.00
32.00
51.00
34.00
64.00
68.00
81.00
37.00
93.00
25.00
41.00
51.00
37.00
87.00
48.00
77.00
50.00
81.00
89.00
73.00
76.00
50.00
59.00
54.00
40.00
31.00
22.00
67.00
55.00
66.00
56.00
57.00
91.00
38.00
31.00
96.00
58.00
55.00
85.00
36.00
27.00
40.00
79.00
61.00
25.00
75.00
62.00
97.00
74.00
44.00
42.00
84.00
61.00
94.00
60.00
84.00
49.00
49.00
85.00
74.00
95.00
33.00
93.00
26.00
24.00
41.00
67.00
77.00
28.00
46.00
49.00
28.00
91.00
42.00
39.00
76.00
22.00
93.00
89.00
84.00
52.00
35.00
92.00
92.00
67.00
25.00
51.00
41.00
95.00
97.00
26.00
40.00
83.00
83.00
43.00
92.00
89.00
99.00
25.00
33.00
81.00
42.00
93.00
84.00
26.00
94.00
51.00
100.00
60.00
31.00
91.00
36.00
52.00
28.00
95.00
54.00
43.00
21.00
77.00
91.00
72.00
84.00
23.00
99.00
100.00
34.00
21.00
39.00
78.00
87.00
76.00
26.00
79.00
49.00
65.00
56.00
38.00
31.00
50.00
33.00
81.00
40.00
62.00
97.00
37.00
90.00
38.00
59.00
87.00
31.00
57.00
20.00
96.00
56.00
95.00
75.00
29.00
25.00
93.00
55.00
46.00
65.00
53.00
47.00
76.00
74.00
22.00
70.00
29.00
75.00
22.00
65.00
65.00
99.00
63.00
96.00
64.00
71.00
70.00
78.00
92.00
45.00
42.00
94.00
94.00
92.00
26.00
86.00
35.00
44.00
71.00
79.00
57.00
78.00
20.00
56.00
43.00
43.00
73.00
52.00
69.00
67.00
34.00
75.00
31.00
67.00
93.00
38.00
48.00
83.00
26.00
25.00
30.00
47.00
82.00
47.00
47.00
40.00
52.00
53.00
65.00
69.00
32.00
74.00
29.00
69.00
30.00
74.00
74.00
48.00
32.00
24.00
56.00
29.00
46.00
40.00
66.00
91.00
62.00
48.00
45.00
21.00
32.00
100.00
70.00
29.00
48.00
87.00
77.00
91.00
88.00
83.00
74.00
90.00
35.00
39.00
76.00
34.00
32.00
41.00
55.00
20.00
70.00
91.00
96.00
86.00
55.00
62.00
70.00
75.00
26.00
80.00
77.00
79.00
89.00
34.00
92.00
64.00
36.00
46.00
38.00
65.00
23.00
36.00
51.00
91.00
97.00
46.00
98.00
90.00
56.00
80.00
21.00
46.00
56.00
63.00
75.00
25.00
27.00
51.00
38.00
88.00
33.00
40.00
28.00
29.00
61.00
50.00
58.00
57.00
56.00
35.00
50.00
71.00
68.00
80.00
98.00
56.00
89.00
37.00
80.00
31.00
99.00
37.00
97.00
59.00
86.00
66.00
54.00
51.00
67.00
21.00
58.00
35.00
25.00
65.00
85.00
34.00
81.00
64.00
43.00
89.00
92.00
35.00
81.00
92.00
36.00
62.00
35.00
98.00
32.00
100.00
39.00
93.00
85.00
88.00
72.00
77.00
86.00
95.00
70.00
27.00
27.00
25.00
50.00
28.00
25.00
40.00
80.00
30.00
98.00
80.00
79.00
29.00
84.00
55.00
72.00
86.00
77.00
89.00
37.00
81.00
97.00
38.00
29.00
83.00
66.00
72.00
60.00
74.00
82.00
58.00
99.00
92.00
54.00
56.00
83.00
99.00
67.00
84.00
20.00
93.00
28.00
72.00
34.00
78.00
72.00
92.00
24.00
27.00
54.00
34.00
41.00
46.00
39.00
51.00
66.00
26.00
97.00
63.00
85.00
62.00
56.00
47.00
89.00
29.00
26.00
70.00
69.00
75.00
62.00
72.00
63.00
86.00
30.00
31.00
98.00
67.00
51.00
68.00
83.00
44.00
91.00
64.00
90.00
58.00
74.00
37.00
68.00
61.00
82.00
41.00
51.00
65.00
82.00
35.00
42.00
52.00
57.00
40.00
36.00
74.00
65.00
59.00
92.00
93.00
26.00
35.00
84.00
37.00
30.00
82.00
33.00
75.00
62.00
73.00
76.00
31.00
52.00
21.00
91.00
59.00
91.00
67.00
95.00
60.00
38.00
20.00
27.00
33.00
75.00
71.00
47.00
45.00
32.00
62.00
48.00
52.00
33.00
54.00
56.00
70.00
54.00
28.00
53.00
44.00
60.00
89.00
33.00
41.00
92.00
49.00
82.00
29.00
35.00
61.00
78.00
21.00
53.00
72.00
82.00
69.00
52.00
69.00
85.00
26.00
76.00
46.00
44.00
93.00
28.00
71.00
21.00
83.00
32.00
37.00
88.00
97.00
23.00
76.00
41.00
47.00
82.00
81.00
42.00
47.00
78.00
64.00
45.00
58.00
90.00
57.00
96.00
70.00
45.00
88.00
40.00
97.00
42.00
81.00
20.00
79.00
77.00
79.00
35.00
41.00
94.00
63.00
55.00
76.00
49.00
82.00
20.00
43.00
37.00
61.00
83.00
93.00
31.00
100.00
87.00
72.00
93.00
69.00
66.00
98.00
81.00
59.00
46.00
92.00
95.00
39.00
87.00
97.00
87.00
85.00
20.00
68.00
45.00
59.00
22.00
92.00
85.00
51.00
69.00
27.00
65.00
60.00
35.00
41.00
63.00
78.00
49.00
42.00
79.00
69.00
78.00
69.00
69.00
52.00
73.00
48.00
57.00
57.00
86.00
94.00
100.00
96.00
21.00
43.00
70.00
47.00
60.00
32.00
44.00
92.00
62.00
82.00
27.00
89.00
39.00
75.00
77.00
75.00
50.00
40.00
87.00
56.00
76.00
40.00
84.00
26.00
82.00
94.00
99.00
21.00
43.00
40.00
37.00
24.00
77.00
59.00
