//Number of items      
1000
//Bin Capacity         
150.00
//Known Best Solution  
399
//Weight of Item		  
42.00
69.00
67.00
57.00
93.00
90.00
38.00
36.00
45.00
42.00
33.00
79.00
27.00
57.00
44.00
84.00
86.00
92.00
46.00
38.00
85.00
33.00
82.00
73.00
49.00
70.00
59.00
23.00
57.00
72.00
74.00
69.00
33.00
42.00
28.00
46.00
30.00
64.00
29.00
74.00
41.00
49.00
55.00
98.00
80.00
32.00
25.00
38.00
82.00
30.00
35.00
39.00
57.00
84.00
62.00
50.00
55.00
27.00
30.00
36.00
20.00
78.00
47.00
26.00
45.00
41.00
58.00
98.00
91.00
96.00
73.00
84.00
37.00
93.00
91.00
43.00
73.00
85.00
81.00
79.00
71.00
80.00
76.00
83.00
41.00
78.00
70.00
23.00
42.00
87.00
43.00
84.00
60.00
55.00
49.00
78.00
73.00
62.00
36.00
44.00
94.00
69.00
32.00
96.00
70.00
84.00
58.00
78.00
25.00
80.00
58.00
66.00
83.00
24.00
98.00
60.00
42.00
43.00
43.00
39.00
97.00
57.00
81.00
62.00
75.00
81.00
23.00
43.00
50.00
38.00
60.00
58.00
70.00
88.00
36.00
90.00
37.00
45.00
45.00
39.00
44.00
53.00
70.00
24.00
82.00
81.00
47.00
97.00
35.00
65.00
74.00
68.00
49.00
55.00
52.00
94.00
95.00
29.00
99.00
20.00
22.00
25.00
49.00
46.00
98.00
59.00
98.00
60.00
23.00
72.00
33.00
98.00
80.00
95.00
78.00
57.00
67.00
53.00
47.00
53.00
36.00
38.00
92.00
30.00
80.00
32.00
97.00
39.00
80.00
72.00
55.00
41.00
60.00
67.00
53.00
65.00
95.00
20.00
66.00
78.00
98.00
47.00
100.00
85.00
53.00
53.00
67.00
27.00
22.00
61.00
43.00
52.00
76.00
64.00
61.00
29.00
30.00
46.00
79.00
66.00
27.00
79.00
98.00
90.00
22.00
75.00
57.00
67.00
36.00
70.00
99.00
48.00
43.00
45.00
71.00
100.00
88.00
48.00
27.00
39.00
38.00
100.00
60.00
42.00
20.00
69.00
24.00
23.00
92.00
32.00
84.00
36.00
65.00
84.00
34.00
68.00
64.00
33.00
69.00
27.00
47.00
21.00
85.00
88.00
59.00
61.00
50.00
53.00
37.00
75.00
64.00
84.00
74.00
57.00
83.00
28.00
31.00
97.00
61.00
36.00
46.00
37.00
96.00
80.00
53.00
51.00
68.00
90.00
64.00
81.00
66.00
67.00
80.00
37.00
92.00
67.00
64.00
31.00
94.00
45.00
80.00
28.00
76.00
29.00
64.00
38.00
48.00
40.00
29.00
44.00
81.00
35.00
51.00
48.00
67.00
24.00
46.00
38.00
76.00
22.00
30.00
67.00
45.00
41.00
29.00
41.00
79.00
21.00
25.00
90.00
62.00
34.00
73.00
50.00
79.00
66.00
59.00
42.00
90.00
79.00
70.00
66.00
80.00
35.00
62.00
98.00
97.00
37.00
32.00
75.00
91.00
91.00
48.00
26.00
23.00
32.00
100.00
46.00
29.00
26.00
29.00
26.00
83.00
82.00
92.00
95.00
87.00
63.00
57.00
100.00
63.00
65.00
81.00
46.00
42.00
95.00
90.00
80.00
53.00
27.00
84.00
40.00
22.00
97.00
20.00
73.00
63.00
95.00
46.00
42.00
47.00
40.00
26.00
88.00
49.00
24.00
92.00
87.00
68.00
95.00
34.00
82.00
84.00
43.00
54.00
73.00
66.00
32.00
62.00
48.00
99.00
90.00
86.00
28.00
25.00
25.00
89.00
67.00
96.00
35.00
33.00
70.00
40.00
59.00
32.00
94.00
34.00
86.00
35.00
45.00
25.00
76.00
80.00
42.00
91.00
44.00
91.00
97.00
60.00
29.00
45.00
37.00
61.00
54.00
78.00
56.00
74.00
74.00
45.00
21.00
96.00
37.00
75.00
100.00
58.00
84.00
85.00
56.00
54.00
71.00
52.00
79.00
43.00
35.00
27.00
70.00
31.00
47.00
35.00
26.00
30.00
97.00
90.00
80.00
58.00
60.00
73.00
46.00
71.00
39.00
42.00
98.00
27.00
21.00
71.00
71.00
78.00
76.00
57.00
24.00
91.00
84.00
35.00
25.00
77.00
96.00
97.00
89.00
30.00
86.00
81.00
39.00
75.00
66.00
85.00
36.00
60.00
56.00
50.00
75.00
75.00
37.00
87.00
95.00
21.00
99.00
42.00
57.00
31.00
37.00
42.00
40.00
69.00
91.00
45.00
97.00
84.00
90.00
52.00
43.00
68.00
53.00
37.00
65.00
79.00
73.00
92.00
87.00
20.00
20.00
73.00
42.00
52.00
20.00
24.00
76.00
71.00
72.00
21.00
21.00
82.00
92.00
78.00
87.00
50.00
41.00
31.00
73.00
89.00
59.00
88.00
40.00
71.00
69.00
45.00
57.00
49.00
68.00
84.00
32.00
69.00
77.00
92.00
98.00
57.00
39.00
32.00
23.00
99.00
91.00
48.00
21.00
70.00
43.00
73.00
69.00
65.00
57.00
67.00
28.00
84.00
42.00
61.00
92.00
82.00
34.00
74.00
55.00
60.00
69.00
26.00
25.00
67.00
77.00
67.00
79.00
47.00
84.00
50.00
21.00
87.00
83.00
44.00
88.00
78.00
53.00
78.00
37.00
47.00
52.00
32.00
88.00
85.00
82.00
55.00
41.00
60.00
66.00
78.00
72.00
34.00
64.00
20.00
60.00
100.00
62.00
80.00
34.00
68.00
38.00
32.00
32.00
37.00
82.00
98.00
90.00
58.00
97.00
56.00
34.00
70.00
39.00
56.00
69.00
36.00
20.00
99.00
84.00
53.00
27.00
88.00
53.00
42.00
45.00
42.00
31.00
54.00
60.00
55.00
27.00
36.00
31.00
39.00
91.00
45.00
97.00
26.00
80.00
41.00
56.00
70.00
97.00
48.00
87.00
23.00
32.00
75.00
100.00
97.00
51.00
78.00
78.00
21.00
72.00
72.00
79.00
46.00
30.00
48.00
27.00
95.00
48.00
67.00
58.00
46.00
92.00
21.00
82.00
91.00
40.00
56.00
24.00
94.00
44.00
91.00
92.00
81.00
24.00
84.00
44.00
83.00
37.00
98.00
85.00
88.00
95.00
29.00
35.00
100.00
55.00
48.00
27.00
20.00
66.00
62.00
52.00
88.00
59.00
97.00
91.00
81.00
81.00
86.00
48.00
43.00
60.00
72.00
88.00
90.00
48.00
38.00
60.00
53.00
55.00
90.00
48.00
55.00
57.00
59.00
25.00
51.00
22.00
43.00
31.00
52.00
89.00
96.00
58.00
63.00
27.00
46.00
43.00
30.00
44.00
71.00
66.00
64.00
28.00
83.00
88.00
42.00
92.00
95.00
36.00
24.00
62.00
44.00
82.00
59.00
31.00
96.00
44.00
61.00
78.00
72.00
62.00
76.00
65.00
22.00
41.00
27.00
85.00
80.00
72.00
100.00
29.00
27.00
43.00
83.00
32.00
33.00
53.00
95.00
99.00
20.00
23.00
72.00
50.00
50.00
27.00
89.00
53.00
75.00
81.00
34.00
27.00
69.00
48.00
84.00
37.00
69.00
54.00
51.00
49.00
49.00
54.00
100.00
55.00
45.00
83.00
61.00
96.00
91.00
37.00
53.00
76.00
50.00
66.00
70.00
87.00
92.00
35.00
53.00
95.00
47.00
56.00
55.00
86.00
32.00
99.00
83.00
88.00
41.00
63.00
77.00
60.00
66.00
53.00
79.00
81.00
96.00
34.00
99.00
47.00
74.00
87.00
44.00
77.00
52.00
99.00
69.00
64.00
94.00
38.00
69.00
61.00
98.00
40.00
84.00
89.00
49.00
64.00
53.00
41.00
34.00
85.00
35.00
55.00
61.00
68.00
100.00
75.00
98.00
36.00
44.00
57.00
24.00
60.00
45.00
48.00
60.00
94.00
71.00
70.00
64.00
62.00
93.00
20.00
69.00
37.00
63.00
61.00
26.00
54.00
89.00
46.00
54.00
50.00
32.00
71.00
62.00
40.00
26.00
59.00
62.00
27.00
60.00
50.00
74.00
34.00
40.00
70.00
56.00
23.00
66.00
57.00
43.00
45.00
65.00
25.00
82.00
82.00
37.00
66.00
47.00
44.00
94.00
23.00
24.00
51.00
100.00
22.00
25.00
51.00
95.00
58.00
97.00
30.00
79.00
23.00
53.00
80.00
20.00
65.00
64.00
21.00
26.00
100.00
81.00
98.00
70.00
85.00
92.00
97.00
86.00
71.00
91.00
29.00
63.00
34.00
67.00
23.00
33.00
89.00
94.00
47.00
100.00
37.00
40.00
58.00
