//Number of items      
1000
//Bin Capacity         
150.00
//Known Best Solution  
396
//Weight of Item		  
30.00
68.00
62.00
100.00
85.00
40.00
24.00
100.00
55.00
80.00
99.00
62.00
67.00
37.00
75.00
82.00
25.00
23.00
71.00
48.00
66.00
66.00
65.00
79.00
91.00
42.00
77.00
82.00
83.00
59.00
80.00
92.00
83.00
21.00
38.00
92.00
58.00
67.00
68.00
85.00
45.00
25.00
55.00
54.00
73.00
87.00
76.00
43.00
71.00
20.00
28.00
98.00
41.00
51.00
20.00
47.00
98.00
53.00
54.00
45.00
72.00
90.00
49.00
94.00
63.00
33.00
94.00
23.00
93.00
68.00
45.00
21.00
53.00
22.00
98.00
82.00
74.00
28.00
31.00
25.00
67.00
82.00
60.00
64.00
83.00
30.00
20.00
27.00
29.00
48.00
39.00
57.00
52.00
59.00
55.00
94.00
58.00
56.00
95.00
90.00
62.00
80.00
73.00
37.00
37.00
27.00
82.00
80.00
52.00
58.00
75.00
98.00
43.00
26.00
30.00
37.00
67.00
83.00
81.00
69.00
76.00
56.00
47.00
75.00
82.00
36.00
34.00
61.00
29.00
84.00
48.00
71.00
49.00
59.00
73.00
63.00
25.00
54.00
25.00
69.00
84.00
31.00
20.00
96.00
47.00
100.00
54.00
46.00
36.00
20.00
59.00
54.00
23.00
94.00
28.00
79.00
49.00
91.00
28.00
94.00
33.00
62.00
94.00
84.00
71.00
29.00
71.00
30.00
74.00
48.00
90.00
59.00
82.00
88.00
66.00
60.00
32.00
54.00
55.00
58.00
54.00
99.00
40.00
47.00
74.00
52.00
37.00
72.00
90.00
37.00
83.00
89.00
86.00
74.00
70.00
70.00
61.00
47.00
61.00
31.00
20.00
46.00
99.00
49.00
90.00
59.00
23.00
22.00
64.00
85.00
23.00
73.00
94.00
72.00
77.00
92.00
26.00
95.00
95.00
73.00
75.00
51.00
84.00
23.00
21.00
95.00
76.00
30.00
77.00
76.00
28.00
79.00
56.00
51.00
79.00
43.00
33.00
74.00
87.00
69.00
28.00
87.00
42.00
52.00
100.00
21.00
48.00
86.00
59.00
92.00
84.00
83.00
36.00
84.00
22.00
80.00
57.00
34.00
56.00
76.00
72.00
82.00
29.00
26.00
29.00
50.00
43.00
42.00
93.00
67.00
95.00
72.00
41.00
72.00
51.00
40.00
64.00
38.00
39.00
82.00
99.00
69.00
61.00
51.00
53.00
57.00
95.00
37.00
47.00
42.00
58.00
82.00
43.00
45.00
48.00
90.00
65.00
62.00
95.00
56.00
89.00
27.00
77.00
38.00
85.00
43.00
38.00
88.00
29.00
74.00
80.00
64.00
57.00
81.00
22.00
60.00
44.00
26.00
94.00
37.00
62.00
52.00
28.00
39.00
66.00
72.00
49.00
51.00
66.00
97.00
38.00
80.00
87.00
30.00
61.00
52.00
46.00
38.00
21.00
27.00
37.00
80.00
84.00
43.00
34.00
94.00
57.00
21.00
29.00
50.00
81.00
62.00
81.00
39.00
86.00
72.00
29.00
92.00
96.00
47.00
81.00
79.00
93.00
98.00
82.00
88.00
29.00
71.00
81.00
39.00
28.00
85.00
56.00
67.00
80.00
78.00
72.00
68.00
28.00
56.00
99.00
49.00
42.00
20.00
71.00
77.00
82.00
53.00
73.00
30.00
61.00
95.00
77.00
41.00
89.00
22.00
72.00
20.00
86.00
64.00
82.00
60.00
97.00
97.00
65.00
49.00
51.00
33.00
48.00
69.00
23.00
40.00
79.00
24.00
31.00
95.00
69.00
83.00
93.00
72.00
48.00
78.00
34.00
54.00
70.00
48.00
81.00
37.00
70.00
60.00
44.00
38.00
62.00
29.00
53.00
39.00
87.00
20.00
59.00
49.00
94.00
77.00
62.00
59.00
37.00
41.00
67.00
71.00
94.00
80.00
83.00
76.00
25.00
69.00
55.00
74.00
75.00
76.00
51.00
63.00
41.00
50.00
40.00
37.00
49.00
68.00
50.00
79.00
71.00
25.00
42.00
72.00
57.00
64.00
53.00
26.00
52.00
44.00
38.00
20.00
65.00
39.00
42.00
38.00
78.00
49.00
77.00
96.00
47.00
49.00
52.00
80.00
93.00
48.00
83.00
35.00
25.00
41.00
59.00
77.00
95.00
68.00
94.00
38.00
89.00
34.00
96.00
79.00
85.00
71.00
72.00
52.00
58.00
48.00
85.00
32.00
85.00
34.00
51.00
58.00
51.00
48.00
55.00
54.00
84.00
75.00
96.00
81.00
75.00
56.00
31.00
74.00
38.00
59.00
20.00
20.00
41.00
23.00
51.00
44.00
23.00
59.00
55.00
34.00
54.00
64.00
27.00
74.00
90.00
20.00
44.00
35.00
53.00
64.00
59.00
51.00
89.00
92.00
38.00
63.00
68.00
44.00
52.00
22.00
28.00
28.00
28.00
41.00
39.00
54.00
89.00
24.00
44.00
69.00
23.00
84.00
90.00
75.00
70.00
40.00
61.00
83.00
40.00
52.00
56.00
76.00
76.00
34.00
61.00
26.00
34.00
39.00
61.00
42.00
99.00
81.00
82.00
70.00
81.00
50.00
73.00
61.00
66.00
50.00
46.00
54.00
95.00
71.00
84.00
98.00
57.00
24.00
61.00
36.00
61.00
53.00
38.00
54.00
93.00
33.00
92.00
97.00
74.00
57.00
99.00
96.00
50.00
84.00
96.00
74.00
55.00
37.00
74.00
95.00
100.00
27.00
58.00
62.00
61.00
67.00
87.00
24.00
53.00
69.00
71.00
60.00
43.00
37.00
43.00
44.00
79.00
98.00
24.00
56.00
65.00
98.00
90.00
100.00
43.00
38.00
62.00
71.00
26.00
75.00
87.00
33.00
82.00
71.00
72.00
67.00
73.00
33.00
64.00
100.00
62.00
72.00
42.00
33.00
78.00
65.00
32.00
84.00
47.00
55.00
41.00
65.00
82.00
93.00
52.00
42.00
67.00
94.00
50.00
24.00
68.00
28.00
20.00
30.00
82.00
79.00
47.00
97.00
30.00
86.00
86.00
72.00
20.00
77.00
91.00
41.00
50.00
54.00
62.00
72.00
41.00
80.00
40.00
60.00
22.00
22.00
69.00
87.00
83.00
61.00
100.00
61.00
40.00
54.00
83.00
60.00
25.00
99.00
31.00
75.00
38.00
61.00
44.00
46.00
45.00
100.00
99.00
98.00
54.00
39.00
61.00
32.00
73.00
81.00
94.00
65.00
67.00
24.00
45.00
71.00
79.00
54.00
59.00
87.00
93.00
69.00
80.00
21.00
51.00
69.00
76.00
45.00
73.00
40.00
25.00
41.00
65.00
68.00
71.00
33.00
81.00
56.00
23.00
50.00
90.00
74.00
74.00
30.00
68.00
43.00
39.00
71.00
53.00
89.00
98.00
98.00
41.00
67.00
77.00
79.00
84.00
75.00
79.00
34.00
68.00
21.00
94.00
63.00
25.00
49.00
70.00
50.00
56.00
95.00
89.00
45.00
99.00
54.00
27.00
91.00
80.00
94.00
47.00
27.00
96.00
77.00
31.00
53.00
23.00
42.00
81.00
24.00
91.00
23.00
24.00
35.00
72.00
50.00
64.00
29.00
93.00
83.00
32.00
32.00
90.00
38.00
21.00
46.00
46.00
38.00
36.00
22.00
31.00
41.00
23.00
70.00
42.00
40.00
92.00
50.00
51.00
33.00
61.00
43.00
66.00
84.00
64.00
48.00
95.00
89.00
20.00
47.00
41.00
82.00
29.00
44.00
93.00
84.00
52.00
40.00
82.00
62.00
80.00
56.00
83.00
33.00
58.00
50.00
59.00
90.00
62.00
42.00
47.00
84.00
34.00
75.00
93.00
40.00
76.00
50.00
94.00
61.00
22.00
21.00
72.00
51.00
48.00
43.00
91.00
28.00
82.00
39.00
68.00
67.00
54.00
27.00
38.00
88.00
26.00
40.00
88.00
88.00
63.00
62.00
26.00
67.00
94.00
50.00
36.00
24.00
62.00
71.00
27.00
52.00
48.00
39.00
74.00
21.00
93.00
30.00
27.00
39.00
77.00
86.00
29.00
91.00
67.00
36.00
54.00
39.00
83.00
71.00
53.00
36.00
96.00
42.00
20.00
34.00
40.00
92.00
95.00
26.00
75.00
62.00
52.00
30.00
98.00
26.00
77.00
86.00
51.00
20.00
44.00
30.00
23.00
54.00
21.00
76.00
33.00
21.00
40.00
70.00
36.00
37.00
46.00
76.00
92.00
82.00
70.00
58.00
95.00
22.00
82.00
55.00
84.00
39.00
82.00
85.00
36.00
56.00
84.00
35.00
92.00
44.00
29.00
53.00
