//Number of items      
1000
//Bin Capacity         
150.00
//Known Best Solution  
404
//Weight of Item		  
22.00
33.00
99.00
89.00
48.00
51.00
22.00
89.00
45.00
73.00
43.00
27.00
100.00
67.00
49.00
44.00
64.00
53.00
98.00
53.00
53.00
31.00
76.00
62.00
61.00
92.00
77.00
50.00
66.00
70.00
96.00
77.00
100.00
62.00
51.00
26.00
65.00
26.00
85.00
44.00
30.00
84.00
92.00
45.00
41.00
36.00
36.00
91.00
23.00
89.00
41.00
48.00
21.00
86.00
51.00
38.00
45.00
24.00
81.00
90.00
85.00
37.00
79.00
69.00
50.00
53.00
76.00
44.00
22.00
85.00
65.00
79.00
78.00
31.00
96.00
87.00
63.00
62.00
80.00
42.00
79.00
83.00
21.00
32.00
88.00
65.00
82.00
31.00
64.00
75.00
50.00
75.00
32.00
29.00
85.00
82.00
82.00
65.00
82.00
32.00
25.00
60.00
94.00
74.00
75.00
98.00
86.00
23.00
94.00
63.00
49.00
53.00
59.00
81.00
79.00
24.00
74.00
55.00
36.00
84.00
71.00
67.00
28.00
60.00
66.00
79.00
60.00
90.00
74.00
40.00
54.00
23.00
52.00
87.00
22.00
35.00
91.00
85.00
82.00
90.00
95.00
59.00
82.00
74.00
53.00
33.00
86.00
35.00
86.00
25.00
22.00
83.00
48.00
36.00
41.00
81.00
49.00
65.00
69.00
60.00
54.00
63.00
98.00
40.00
100.00
21.00
51.00
93.00
55.00
81.00
76.00
78.00
95.00
43.00
76.00
56.00
22.00
87.00
44.00
48.00
36.00
48.00
59.00
33.00
47.00
26.00
91.00
32.00
70.00
85.00
40.00
92.00
69.00
52.00
35.00
71.00
41.00
21.00
64.00
52.00
20.00
71.00
77.00
79.00
32.00
88.00
47.00
32.00
26.00
98.00
86.00
29.00
93.00
75.00
45.00
28.00
62.00
61.00
32.00
36.00
56.00
84.00
27.00
37.00
77.00
42.00
70.00
22.00
84.00
84.00
92.00
85.00
44.00
86.00
67.00
32.00
99.00
92.00
90.00
39.00
76.00
26.00
85.00
51.00
94.00
81.00
37.00
74.00
75.00
39.00
99.00
70.00
55.00
97.00
44.00
31.00
99.00
93.00
30.00
91.00
33.00
29.00
90.00
86.00
29.00
98.00
51.00
79.00
91.00
70.00
85.00
33.00
88.00
73.00
55.00
81.00
59.00
41.00
83.00
30.00
94.00
94.00
98.00
96.00
52.00
55.00
93.00
89.00
26.00
98.00
72.00
95.00
71.00
75.00
48.00
61.00
91.00
27.00
84.00
80.00
52.00
61.00
35.00
96.00
40.00
28.00
64.00
31.00
86.00
27.00
31.00
22.00
68.00
64.00
93.00
92.00
69.00
51.00
50.00
31.00
95.00
99.00
86.00
39.00
57.00
66.00
28.00
64.00
99.00
37.00
35.00
54.00
69.00
67.00
62.00
58.00
30.00
29.00
27.00
38.00
82.00
88.00
44.00
25.00
67.00
65.00
50.00
21.00
65.00
84.00
75.00
79.00
86.00
56.00
66.00
68.00
55.00
89.00
56.00
75.00
25.00
37.00
43.00
73.00
37.00
67.00
39.00
47.00
87.00
87.00
47.00
52.00
32.00
70.00
84.00
58.00
47.00
39.00
22.00
75.00
69.00
28.00
89.00
54.00
85.00
32.00
60.00
63.00
69.00
39.00
28.00
68.00
32.00
42.00
86.00
32.00
25.00
42.00
43.00
100.00
31.00
46.00
82.00
50.00
60.00
42.00
99.00
97.00
44.00
41.00
89.00
94.00
50.00
20.00
71.00
91.00
90.00
84.00
89.00
56.00
57.00
34.00
34.00
59.00
59.00
66.00
51.00
87.00
48.00
41.00
98.00
22.00
72.00
22.00
97.00
69.00
90.00
38.00
93.00
35.00
41.00
76.00
97.00
63.00
21.00
85.00
94.00
100.00
36.00
28.00
72.00
87.00
25.00
29.00
91.00
24.00
44.00
67.00
30.00
97.00
71.00
21.00
64.00
58.00
80.00
35.00
83.00
43.00
90.00
69.00
84.00
100.00
36.00
67.00
34.00
74.00
36.00
96.00
53.00
62.00
96.00
59.00
65.00
27.00
26.00
40.00
37.00
31.00
65.00
42.00
24.00
99.00
48.00
55.00
89.00
49.00
42.00
62.00
43.00
57.00
83.00
72.00
58.00
24.00
31.00
77.00
59.00
76.00
82.00
62.00
97.00
88.00
20.00
91.00
59.00
91.00
42.00
53.00
79.00
94.00
27.00
100.00
43.00
35.00
73.00
50.00
22.00
86.00
74.00
74.00
74.00
88.00
41.00
75.00
83.00
73.00
70.00
53.00
78.00
37.00
65.00
35.00
71.00
40.00
26.00
63.00
62.00
20.00
100.00
24.00
58.00
39.00
56.00
48.00
70.00
61.00
67.00
85.00
45.00
95.00
59.00
27.00
58.00
58.00
45.00
82.00
46.00
31.00
88.00
81.00
40.00
32.00
64.00
91.00
31.00
67.00
84.00
34.00
62.00
38.00
68.00
74.00
46.00
87.00
70.00
97.00
74.00
90.00
20.00
63.00
40.00
40.00
87.00
31.00
45.00
29.00
85.00
26.00
49.00
41.00
31.00
43.00
39.00
30.00
77.00
69.00
25.00
79.00
20.00
50.00
93.00
47.00
30.00
27.00
35.00
65.00
97.00
84.00
30.00
74.00
70.00
86.00
55.00
99.00
89.00
29.00
60.00
86.00
84.00
90.00
93.00
48.00
37.00
56.00
23.00
71.00
79.00
98.00
55.00
68.00
95.00
24.00
97.00
29.00
30.00
34.00
52.00
78.00
22.00
84.00
95.00
87.00
56.00
71.00
88.00
38.00
51.00
74.00
73.00
53.00
45.00
29.00
28.00
34.00
63.00
67.00
74.00
49.00
35.00
84.00
77.00
27.00
73.00
30.00
25.00
58.00
36.00
90.00
41.00
33.00
84.00
73.00
41.00
89.00
86.00
26.00
65.00
73.00
33.00
42.00
24.00
100.00
73.00
49.00
59.00
80.00
24.00
48.00
58.00
79.00
56.00
98.00
54.00
24.00
64.00
79.00
88.00
73.00
30.00
52.00
62.00
81.00
61.00
22.00
98.00
32.00
53.00
53.00
91.00
97.00
40.00
60.00
69.00
52.00
20.00
49.00
62.00
41.00
97.00
50.00
83.00
59.00
83.00
70.00
95.00
21.00
44.00
69.00
72.00
66.00
30.00
56.00
94.00
49.00
88.00
58.00
27.00
83.00
42.00
65.00
84.00
44.00
99.00
22.00
59.00
78.00
77.00
93.00
26.00
74.00
37.00
30.00
85.00
28.00
71.00
92.00
64.00
87.00
99.00
78.00
52.00
66.00
31.00
26.00
26.00
52.00
72.00
93.00
54.00
31.00
31.00
99.00
64.00
54.00
66.00
78.00
30.00
49.00
34.00
30.00
29.00
93.00
33.00
21.00
97.00
92.00
60.00
73.00
73.00
62.00
54.00
57.00
56.00
66.00
69.00
41.00
69.00
36.00
78.00
34.00
93.00
89.00
86.00
91.00
100.00
99.00
69.00
25.00
65.00
98.00
93.00
22.00
95.00
87.00
59.00
82.00
80.00
85.00
98.00
94.00
22.00
67.00
88.00
77.00
30.00
52.00
62.00
83.00
27.00
80.00
71.00
60.00
37.00
48.00
30.00
65.00
86.00
82.00
49.00
30.00
27.00
53.00
57.00
100.00
87.00
53.00
81.00
24.00
96.00
77.00
75.00
40.00
42.00
96.00
82.00
69.00
72.00
26.00
22.00
56.00
59.00
58.00
45.00
55.00
39.00
46.00
65.00
96.00
80.00
21.00
21.00
82.00
34.00
56.00
60.00
91.00
25.00
23.00
77.00
57.00
65.00
66.00
87.00
23.00
74.00
73.00
20.00
37.00
82.00
97.00
86.00
39.00
90.00
85.00
60.00
23.00
100.00
30.00
25.00
76.00
53.00
100.00
32.00
84.00
22.00
96.00
41.00
41.00
86.00
76.00
24.00
52.00
75.00
84.00
81.00
26.00
46.00
81.00
39.00
68.00
24.00
65.00
72.00
47.00
26.00
37.00
40.00
33.00
45.00
23.00
44.00
98.00
54.00
22.00
66.00
49.00
59.00
73.00
20.00
95.00
80.00
92.00
83.00
78.00
45.00
56.00
48.00
100.00
38.00
83.00
25.00
64.00
81.00
40.00
89.00
57.00
61.00
74.00
63.00
68.00
29.00
61.00
94.00
77.00
46.00
88.00
59.00
63.00
77.00
61.00
75.00
26.00
95.00
26.00
72.00
66.00
96.00
47.00
27.00
55.00
20.00
80.00
75.00
47.00
89.00
71.00
50.00
26.00
99.00
80.00
