//Number of items      
1000
//Bin Capacity         
150.00
//Known Best Solution  
397
//Weight of Item		  
42.00
100.00
22.00
21.00
56.00
78.00
89.00
36.00
93.00
60.00
70.00
30.00
89.00
48.00
71.00
55.00
99.00
40.00
84.00
74.00
95.00
73.00
86.00
36.00
85.00
91.00
47.00
63.00
44.00
87.00
83.00
56.00
57.00
86.00
46.00
69.00
75.00
97.00
59.00
93.00
45.00
64.00
49.00
92.00
86.00
70.00
75.00
43.00
94.00
52.00
87.00
70.00
77.00
21.00
86.00
86.00
46.00
27.00
30.00
38.00
96.00
66.00
99.00
90.00
87.00
28.00
99.00
26.00
45.00
92.00
59.00
70.00
77.00
39.00
38.00
76.00
46.00
43.00
98.00
95.00
52.00
76.00
40.00
27.00
22.00
58.00
47.00
35.00
93.00
51.00
86.00
78.00
64.00
83.00
43.00
61.00
23.00
55.00
95.00
32.00
24.00
83.00
42.00
54.00
69.00
25.00
62.00
48.00
20.00
40.00
99.00
44.00
39.00
22.00
92.00
20.00
75.00
54.00
49.00
53.00
60.00
85.00
43.00
83.00
98.00
32.00
44.00
68.00
66.00
52.00
86.00
95.00
77.00
67.00
70.00
21.00
89.00
24.00
27.00
26.00
96.00
63.00
82.00
88.00
22.00
24.00
84.00
59.00
54.00
54.00
22.00
74.00
90.00
79.00
66.00
94.00
68.00
67.00
55.00
53.00
30.00
97.00
66.00
33.00
26.00
95.00
88.00
66.00
72.00
23.00
28.00
40.00
41.00
93.00
76.00
31.00
34.00
97.00
76.00
58.00
76.00
69.00
82.00
40.00
28.00
22.00
46.00
20.00
91.00
68.00
71.00
73.00
85.00
93.00
83.00
88.00
27.00
69.00
29.00
45.00
56.00
85.00
50.00
29.00
89.00
74.00
74.00
28.00
97.00
45.00
23.00
74.00
96.00
87.00
22.00
39.00
65.00
43.00
100.00
63.00
55.00
50.00
85.00
34.00
29.00
60.00
77.00
52.00
48.00
93.00
34.00
57.00
68.00
51.00
54.00
66.00
99.00
45.00
29.00
90.00
59.00
58.00
55.00
59.00
38.00
22.00
82.00
59.00
23.00
34.00
81.00
90.00
91.00
79.00
38.00
76.00
40.00
47.00
85.00
50.00
50.00
92.00
25.00
77.00
76.00
95.00
58.00
91.00
66.00
55.00
80.00
93.00
33.00
84.00
38.00
39.00
76.00
85.00
81.00
27.00
66.00
67.00
51.00
30.00
54.00
22.00
75.00
67.00
85.00
98.00
89.00
72.00
93.00
82.00
53.00
85.00
40.00
82.00
56.00
100.00
32.00
48.00
88.00
50.00
80.00
56.00
60.00
86.00
64.00
88.00
49.00
94.00
23.00
57.00
95.00
34.00
49.00
93.00
51.00
30.00
76.00
79.00
73.00
83.00
27.00
86.00
38.00
28.00
27.00
82.00
21.00
31.00
84.00
52.00
71.00
79.00
44.00
24.00
97.00
21.00
69.00
29.00
84.00
77.00
76.00
62.00
31.00
74.00
26.00
66.00
68.00
36.00
32.00
57.00
52.00
37.00
48.00
97.00
20.00
43.00
89.00
64.00
61.00
95.00
77.00
79.00
42.00
76.00
78.00
26.00
64.00
93.00
77.00
67.00
87.00
40.00
65.00
50.00
95.00
94.00
57.00
53.00
51.00
25.00
41.00
84.00
88.00
69.00
24.00
80.00
34.00
32.00
56.00
42.00
95.00
63.00
21.00
53.00
52.00
45.00
39.00
54.00
58.00
73.00
41.00
91.00
65.00
88.00
61.00
28.00
57.00
33.00
29.00
55.00
45.00
77.00
55.00
86.00
60.00
46.00
33.00
23.00
35.00
66.00
81.00
52.00
28.00
26.00
71.00
83.00
61.00
35.00
56.00
44.00
67.00
56.00
90.00
47.00
33.00
88.00
84.00
32.00
27.00
48.00
28.00
83.00
62.00
52.00
45.00
65.00
65.00
31.00
42.00
25.00
43.00
43.00
42.00
85.00
50.00
46.00
58.00
51.00
74.00
59.00
79.00
55.00
51.00
21.00
65.00
91.00
33.00
100.00
91.00
39.00
87.00
28.00
70.00
37.00
57.00
31.00
65.00
81.00
61.00
52.00
22.00
95.00
90.00
42.00
67.00
39.00
57.00
90.00
53.00
45.00
91.00
94.00
84.00
46.00
78.00
55.00
64.00
28.00
27.00
36.00
35.00
34.00
22.00
58.00
53.00
74.00
24.00
44.00
99.00
33.00
90.00
92.00
28.00
39.00
67.00
41.00
46.00
47.00
36.00
27.00
23.00
79.00
100.00
26.00
72.00
93.00
60.00
72.00
28.00
81.00
97.00
48.00
90.00
100.00
21.00
26.00
51.00
36.00
76.00
48.00
43.00
21.00
100.00
65.00
48.00
45.00
78.00
33.00
37.00
34.00
72.00
25.00
23.00
29.00
97.00
79.00
39.00
21.00
54.00
72.00
64.00
30.00
77.00
83.00
95.00
39.00
20.00
100.00
46.00
24.00
87.00
75.00
24.00
83.00
55.00
33.00
70.00
65.00
93.00
92.00
68.00
34.00
67.00
72.00
24.00
95.00
68.00
22.00
34.00
91.00
89.00
51.00
83.00
81.00
31.00
96.00
83.00
80.00
52.00
58.00
88.00
65.00
74.00
81.00
33.00
46.00
94.00
37.00
49.00
60.00
80.00
87.00
85.00
32.00
97.00
20.00
92.00
93.00
30.00
34.00
27.00
29.00
49.00
98.00
87.00
82.00
34.00
36.00
21.00
42.00
35.00
99.00
62.00
38.00
23.00
70.00
76.00
99.00
45.00
60.00
28.00
96.00
86.00
94.00
53.00
46.00
92.00
64.00
50.00
84.00
90.00
99.00
80.00
35.00
77.00
48.00
78.00
20.00
23.00
99.00
74.00
23.00
35.00
91.00
94.00
31.00
28.00
36.00
44.00
99.00
43.00
23.00
57.00
36.00
71.00
25.00
40.00
85.00
87.00
57.00
63.00
27.00
100.00
73.00
52.00
21.00
56.00
72.00
28.00
44.00
25.00
39.00
28.00
62.00
49.00
32.00
44.00
27.00
69.00
21.00
82.00
50.00
77.00
31.00
71.00
80.00
71.00
38.00
76.00
65.00
46.00
71.00
46.00
50.00
31.00
96.00
21.00
49.00
37.00
51.00
82.00
83.00
48.00
97.00
96.00
74.00
90.00
37.00
21.00
63.00
66.00
71.00
84.00
31.00
64.00
94.00
90.00
80.00
43.00
92.00
78.00
62.00
31.00
46.00
45.00
89.00
95.00
32.00
57.00
95.00
91.00
37.00
99.00
31.00
28.00
70.00
34.00
93.00
70.00
24.00
97.00
95.00
32.00
67.00
91.00
35.00
28.00
36.00
23.00
95.00
93.00
22.00
43.00
96.00
39.00
55.00
83.00
53.00
90.00
29.00
52.00
41.00
24.00
67.00
66.00
76.00
50.00
32.00
73.00
87.00
36.00
26.00
61.00
26.00
48.00
94.00
45.00
37.00
84.00
24.00
100.00
43.00
51.00
29.00
63.00
97.00
49.00
42.00
93.00
26.00
99.00
27.00
45.00
85.00
67.00
86.00
68.00
59.00
41.00
68.00
54.00
30.00
89.00
51.00
40.00
79.00
72.00
32.00
86.00
88.00
44.00
52.00
45.00
43.00
21.00
38.00
30.00
34.00
86.00
85.00
100.00
21.00
36.00
55.00
26.00
49.00
52.00
85.00
62.00
67.00
84.00
98.00
66.00
83.00
66.00
89.00
50.00
92.00
57.00
55.00
52.00
78.00
93.00
45.00
25.00
75.00
58.00
46.00
55.00
23.00
81.00
86.00
21.00
58.00
100.00
61.00
41.00
81.00
38.00
55.00
60.00
82.00
51.00
90.00
44.00
37.00
22.00
75.00
60.00
74.00
38.00
91.00
43.00
36.00
37.00
42.00
48.00
45.00
57.00
21.00
25.00
91.00
55.00
44.00
56.00
97.00
76.00
71.00
98.00
26.00
97.00
33.00
77.00
59.00
58.00
40.00
44.00
32.00
35.00
37.00
53.00
88.00
78.00
69.00
77.00
67.00
56.00
50.00
95.00
72.00
69.00
42.00
35.00
54.00
49.00
28.00
88.00
56.00
27.00
38.00
92.00
85.00
41.00
45.00
94.00
78.00
94.00
77.00
20.00
89.00
68.00
74.00
56.00
83.00
46.00
37.00
68.00
32.00
27.00
28.00
33.00
42.00
25.00
80.00
29.00
43.00
36.00
78.00
88.00
38.00
61.00
71.00
38.00
89.00
88.00
58.00
100.00
78.00
65.00
50.00
77.00
45.00
64.00
58.00
70.00
62.00
75.00
87.00
84.00
57.00
46.00
73.00
51.00
97.00
90.00
23.00
