//Number of items      
1000
//Bin Capacity         
150.00
//Known Best Solution  
400
//Weight of Item		  
61.00
96.00
53.00
65.00
75.00
72.00
75.00
88.00
55.00
63.00
85.00
55.00
51.00
81.00
30.00
48.00
62.00
99.00
26.00
89.00
89.00
81.00
62.00
76.00
50.00
20.00
60.00
99.00
28.00
72.00
59.00
77.00
96.00
50.00
28.00
72.00
31.00
76.00
35.00
34.00
45.00
24.00
47.00
46.00
65.00
88.00
93.00
73.00
86.00
40.00
50.00
43.00
46.00
85.00
64.00
54.00
46.00
33.00
31.00
87.00
85.00
88.00
88.00
95.00
81.00
47.00
60.00
53.00
33.00
59.00
40.00
74.00
57.00
99.00
90.00
60.00
31.00
70.00
21.00
24.00
97.00
87.00
86.00
62.00
29.00
70.00
48.00
83.00
97.00
78.00
29.00
33.00
33.00
40.00
95.00
41.00
74.00
59.00
76.00
92.00
30.00
87.00
55.00
36.00
87.00
41.00
22.00
27.00
77.00
42.00
35.00
66.00
62.00
90.00
64.00
24.00
100.00
41.00
97.00
97.00
88.00
48.00
42.00
81.00
48.00
73.00
63.00
56.00
70.00
57.00
90.00
63.00
66.00
74.00
43.00
84.00
42.00
40.00
29.00
58.00
31.00
36.00
90.00
55.00
51.00
92.00
93.00
72.00
49.00
64.00
89.00
70.00
57.00
64.00
55.00
29.00
77.00
66.00
62.00
25.00
59.00
73.00
55.00
21.00
74.00
59.00
38.00
55.00
84.00
38.00
33.00
47.00
72.00
98.00
79.00
47.00
45.00
40.00
92.00
48.00
60.00
83.00
29.00
27.00
64.00
49.00
48.00
29.00
22.00
63.00
71.00
94.00
94.00
97.00
21.00
77.00
65.00
65.00
41.00
26.00
51.00
87.00
93.00
70.00
74.00
82.00
74.00
96.00
95.00
45.00
37.00
60.00
99.00
63.00
65.00
69.00
40.00
61.00
76.00
80.00
42.00
47.00
26.00
27.00
55.00
26.00
55.00
89.00
20.00
37.00
82.00
41.00
86.00
65.00
86.00
57.00
36.00
87.00
38.00
53.00
68.00
81.00
42.00
30.00
44.00
97.00
29.00
93.00
56.00
46.00
79.00
46.00
58.00
48.00
23.00
52.00
46.00
80.00
78.00
86.00
52.00
51.00
68.00
23.00
70.00
88.00
58.00
48.00
81.00
36.00
76.00
26.00
66.00
72.00
79.00
68.00
34.00
45.00
67.00
47.00
94.00
46.00
94.00
60.00
76.00
28.00
35.00
20.00
86.00
92.00
31.00
52.00
72.00
38.00
21.00
99.00
86.00
60.00
44.00
58.00
59.00
51.00
98.00
29.00
92.00
96.00
54.00
97.00
79.00
70.00
39.00
74.00
81.00
68.00
22.00
24.00
31.00
40.00
63.00
73.00
81.00
96.00
23.00
27.00
42.00
60.00
89.00
29.00
23.00
39.00
40.00
51.00
67.00
76.00
53.00
44.00
60.00
61.00
92.00
29.00
85.00
92.00
43.00
78.00
47.00
22.00
90.00
72.00
23.00
26.00
69.00
77.00
64.00
83.00
72.00
23.00
85.00
71.00
40.00
59.00
59.00
75.00
32.00
88.00
91.00
21.00
36.00
51.00
23.00
32.00
88.00
38.00
39.00
52.00
61.00
93.00
58.00
49.00
26.00
33.00
79.00
30.00
56.00
87.00
86.00
22.00
79.00
52.00
95.00
68.00
92.00
41.00
97.00
81.00
94.00
83.00
36.00
82.00
69.00
31.00
33.00
96.00
38.00
30.00
64.00
100.00
55.00
96.00
30.00
83.00
97.00
42.00
67.00
47.00
98.00
89.00
22.00
43.00
90.00
47.00
95.00
35.00
56.00
20.00
36.00
49.00
77.00
24.00
61.00
37.00
40.00
97.00
73.00
58.00
79.00
25.00
33.00
31.00
35.00
49.00
84.00
94.00
60.00
91.00
71.00
66.00
25.00
70.00
53.00
27.00
83.00
99.00
65.00
30.00
51.00
93.00
87.00
40.00
50.00
77.00
89.00
69.00
82.00
64.00
82.00
31.00
71.00
92.00
82.00
62.00
50.00
92.00
32.00
32.00
97.00
73.00
54.00
28.00
67.00
54.00
72.00
79.00
57.00
27.00
39.00
95.00
83.00
63.00
37.00
69.00
20.00
60.00
42.00
51.00
82.00
83.00
62.00
42.00
60.00
46.00
23.00
55.00
89.00
63.00
80.00
55.00
79.00
26.00
65.00
64.00
83.00
69.00
74.00
64.00
61.00
41.00
54.00
39.00
27.00
65.00
64.00
58.00
45.00
66.00
62.00
27.00
76.00
63.00
44.00
63.00
27.00
90.00
77.00
44.00
38.00
74.00
58.00
52.00
92.00
85.00
86.00
95.00
58.00
26.00
39.00
71.00
45.00
91.00
33.00
38.00
39.00
36.00
92.00
83.00
45.00
85.00
83.00
20.00
65.00
76.00
80.00
27.00
90.00
75.00
31.00
33.00
47.00
79.00
23.00
80.00
84.00
53.00
98.00
29.00
46.00
73.00
61.00
21.00
52.00
58.00
72.00
86.00
30.00
28.00
67.00
87.00
33.00
79.00
94.00
97.00
89.00
25.00
52.00
90.00
22.00
88.00
81.00
40.00
62.00
76.00
98.00
96.00
56.00
25.00
52.00
63.00
21.00
78.00
87.00
76.00
64.00
99.00
20.00
21.00
27.00
100.00
51.00
88.00
82.00
81.00
94.00
59.00
50.00
27.00
30.00
86.00
48.00
62.00
99.00
56.00
26.00
20.00
71.00
59.00
29.00
82.00
65.00
77.00
28.00
35.00
100.00
100.00
40.00
22.00
68.00
22.00
48.00
69.00
84.00
99.00
69.00
62.00
71.00
34.00
61.00
74.00
25.00
30.00
100.00
41.00
58.00
34.00
45.00
70.00
84.00
26.00
74.00
92.00
55.00
53.00
40.00
20.00
72.00
63.00
33.00
59.00
36.00
32.00
82.00
30.00
33.00
33.00
26.00
20.00
78.00
90.00
20.00
41.00
40.00
20.00
31.00
55.00
49.00
25.00
95.00
65.00
47.00
23.00
46.00
50.00
78.00
56.00
89.00
69.00
27.00
21.00
28.00
26.00
85.00
89.00
54.00
89.00
75.00
89.00
27.00
43.00
50.00
96.00
72.00
40.00
60.00
97.00
45.00
58.00
49.00
56.00
65.00
84.00
78.00
47.00
44.00
29.00
21.00
87.00
100.00
93.00
76.00
51.00
32.00
39.00
55.00
35.00
100.00
25.00
88.00
42.00
89.00
86.00
37.00
99.00
72.00
33.00
55.00
21.00
72.00
84.00
43.00
76.00
92.00
55.00
27.00
59.00
76.00
69.00
70.00
76.00
62.00
55.00
55.00
23.00
35.00
68.00
74.00
93.00
67.00
100.00
63.00
74.00
81.00
92.00
67.00
74.00
66.00
53.00
31.00
53.00
25.00
95.00
63.00
92.00
98.00
96.00
95.00
89.00
82.00
40.00
54.00
48.00
87.00
27.00
42.00
82.00
26.00
38.00
75.00
47.00
43.00
21.00
54.00
23.00
90.00
54.00
53.00
91.00
28.00
63.00
87.00
50.00
31.00
80.00
26.00
74.00
84.00
53.00
70.00
37.00
96.00
27.00
41.00
75.00
80.00
55.00
93.00
78.00
21.00
85.00
42.00
25.00
22.00
49.00
97.00
87.00
23.00
69.00
29.00
28.00
84.00
23.00
34.00
70.00
31.00
47.00
52.00
52.00
89.00
89.00
41.00
38.00
50.00
24.00
79.00
77.00
25.00
20.00
91.00
59.00
96.00
88.00
76.00
40.00
88.00
91.00
61.00
95.00
80.00
65.00
77.00
53.00
67.00
52.00
73.00
64.00
23.00
74.00
36.00
65.00
29.00
98.00
51.00
90.00
92.00
44.00
85.00
71.00
58.00
80.00
29.00
97.00
94.00
30.00
93.00
67.00
26.00
58.00
76.00
63.00
33.00
97.00
91.00
30.00
99.00
74.00
25.00
26.00
63.00
82.00
31.00
85.00
57.00
42.00
84.00
31.00
26.00
32.00
37.00
51.00
83.00
81.00
83.00
22.00
81.00
72.00
94.00
31.00
71.00
54.00
22.00
86.00
35.00
47.00
79.00
69.00
53.00
98.00
24.00
100.00
64.00
32.00
20.00
84.00
36.00
52.00
33.00
84.00
33.00
44.00
34.00
48.00
100.00
25.00
97.00
91.00
51.00
77.00
81.00
49.00
43.00
36.00
85.00
78.00
59.00
62.00
73.00
58.00
80.00
80.00
64.00
20.00
73.00
60.00
71.00
58.00
73.00
64.00
97.00
29.00
34.00
40.00
61.00
73.00
81.00
83.00
59.00
37.00
24.00
92.00
67.00
23.00
50.00
28.00
