//Number of items      
1000
//Bin Capacity         
150.00
//Known Best Solution  
400
//Weight of Item		  
98.00
24.00
76.00
62.00
89.00
91.00
76.00
61.00
66.00
32.00
83.00
94.00
41.00
94.00
37.00
65.00
56.00
28.00
71.00
90.00
99.00
27.00
49.00
28.00
24.00
41.00
80.00
77.00
32.00
80.00
57.00
87.00
57.00
26.00
27.00
45.00
26.00
66.00
57.00
40.00
88.00
71.00
27.00
60.00
37.00
48.00
66.00
45.00
42.00
78.00
35.00
96.00
94.00
83.00
51.00
77.00
33.00
36.00
47.00
41.00
76.00
79.00
73.00
57.00
90.00
34.00
79.00
91.00
33.00
34.00
30.00
98.00
75.00
37.00
21.00
90.00
27.00
61.00
50.00
82.00
21.00
50.00
20.00
91.00
99.00
37.00
82.00
24.00
20.00
40.00
32.00
33.00
58.00
86.00
62.00
34.00
55.00
34.00
84.00
22.00
81.00
62.00
66.00
35.00
57.00
75.00
39.00
73.00
27.00
25.00
94.00
20.00
22.00
55.00
80.00
63.00
88.00
38.00
37.00
83.00
40.00
36.00
27.00
48.00
23.00
47.00
93.00
52.00
68.00
33.00
42.00
44.00
64.00
65.00
82.00
57.00
83.00
96.00
78.00
45.00
100.00
44.00
72.00
35.00
55.00
41.00
28.00
70.00
76.00
90.00
85.00
96.00
100.00
46.00
63.00
81.00
91.00
56.00
71.00
57.00
35.00
33.00
74.00
95.00
89.00
79.00
67.00
90.00
63.00
70.00
20.00
97.00
30.00
63.00
41.00
97.00
79.00
24.00
64.00
20.00
93.00
75.00
32.00
64.00
63.00
76.00
79.00
45.00
75.00
47.00
61.00
47.00
46.00
27.00
89.00
24.00
57.00
82.00
45.00
63.00
28.00
40.00
51.00
66.00
54.00
47.00
22.00
52.00
79.00
51.00
37.00
98.00
84.00
58.00
50.00
81.00
72.00
90.00
67.00
54.00
34.00
93.00
34.00
87.00
58.00
77.00
42.00
20.00
86.00
66.00
38.00
58.00
61.00
87.00
93.00
89.00
55.00
52.00
38.00
41.00
62.00
87.00
22.00
56.00
93.00
70.00
52.00
73.00
82.00
36.00
80.00
75.00
68.00
68.00
94.00
58.00
97.00
75.00
40.00
86.00
58.00
60.00
69.00
91.00
81.00
73.00
80.00
46.00
78.00
60.00
92.00
33.00
71.00
39.00
22.00
30.00
39.00
34.00
32.00
92.00
87.00
63.00
93.00
54.00
52.00
25.00
42.00
71.00
90.00
74.00
71.00
96.00
53.00
80.00
67.00
91.00
66.00
65.00
87.00
32.00
97.00
74.00
81.00
48.00
79.00
85.00
60.00
23.00
58.00
44.00
33.00
65.00
100.00
62.00
74.00
82.00
63.00
24.00
89.00
80.00
74.00
27.00
69.00
54.00
54.00
60.00
84.00
25.00
27.00
64.00
81.00
53.00
90.00
55.00
41.00
100.00
25.00
84.00
51.00
61.00
75.00
90.00
31.00
89.00
79.00
41.00
40.00
33.00
20.00
64.00
39.00
50.00
31.00
84.00
50.00
34.00
34.00
76.00
89.00
70.00
34.00
80.00
46.00
87.00
86.00
25.00
20.00
46.00
62.00
38.00
54.00
97.00
47.00
81.00
21.00
93.00
95.00
32.00
61.00
74.00
52.00
25.00
88.00
54.00
49.00
66.00
71.00
92.00
62.00
48.00
42.00
79.00
31.00
64.00
26.00
61.00
74.00
97.00
53.00
27.00
45.00
99.00
93.00
77.00
28.00
30.00
22.00
55.00
76.00
31.00
25.00
85.00
99.00
47.00
73.00
95.00
46.00
21.00
56.00
60.00
86.00
75.00
66.00
31.00
62.00
33.00
78.00
32.00
53.00
67.00
51.00
70.00
30.00
23.00
61.00
88.00
67.00
78.00
92.00
30.00
27.00
93.00
87.00
35.00
98.00
75.00
24.00
92.00
43.00
73.00
51.00
33.00
68.00
94.00
73.00
58.00
82.00
49.00
36.00
93.00
29.00
72.00
85.00
67.00
51.00
56.00
59.00
75.00
33.00
52.00
78.00
36.00
52.00
30.00
80.00
87.00
78.00
67.00
93.00
49.00
43.00
57.00
23.00
92.00
87.00
26.00
57.00
60.00
68.00
80.00
34.00
29.00
96.00
97.00
25.00
47.00
83.00
58.00
83.00
45.00
23.00
36.00
78.00
48.00
82.00
80.00
26.00
93.00
34.00
35.00
59.00
92.00
41.00
39.00
81.00
47.00
81.00
37.00
46.00
96.00
23.00
79.00
89.00
50.00
65.00
92.00
49.00
33.00
97.00
65.00
75.00
27.00
87.00
87.00
55.00
53.00
74.00
44.00
78.00
53.00
45.00
34.00
67.00
20.00
98.00
70.00
64.00
61.00
59.00
30.00
26.00
23.00
23.00
35.00
53.00
98.00
41.00
72.00
56.00
55.00
42.00
69.00
20.00
73.00
83.00
59.00
55.00
28.00
98.00
65.00
48.00
27.00
80.00
25.00
50.00
49.00
21.00
82.00
77.00
33.00
51.00
29.00
55.00
70.00
85.00
50.00
20.00
30.00
55.00
45.00
20.00
52.00
21.00
91.00
51.00
87.00
37.00
79.00
71.00
36.00
80.00
31.00
44.00
60.00
67.00
86.00
64.00
58.00
81.00
32.00
75.00
46.00
43.00
42.00
30.00
58.00
89.00
99.00
68.00
39.00
24.00
50.00
75.00
59.00
82.00
28.00
30.00
91.00
26.00
68.00
60.00
97.00
57.00
82.00
28.00
51.00
70.00
76.00
35.00
22.00
99.00
74.00
66.00
44.00
32.00
73.00
45.00
85.00
66.00
57.00
45.00
94.00
71.00
81.00
29.00
23.00
89.00
88.00
38.00
27.00
87.00
42.00
57.00
83.00
55.00
45.00
100.00
84.00
72.00
53.00
92.00
27.00
33.00
63.00
45.00
31.00
96.00
76.00
71.00
24.00
76.00
85.00
24.00
73.00
39.00
31.00
79.00
94.00
22.00
22.00
51.00
38.00
22.00
78.00
89.00
54.00
41.00
33.00
56.00
20.00
23.00
22.00
71.00
86.00
83.00
51.00
54.00
30.00
46.00
37.00
32.00
56.00
80.00
86.00
83.00
69.00
69.00
42.00
32.00
26.00
52.00
22.00
65.00
80.00
85.00
53.00
93.00
38.00
91.00
28.00
29.00
32.00
45.00
72.00
97.00
51.00
21.00
48.00
77.00
49.00
61.00
88.00
52.00
53.00
27.00
31.00
47.00
79.00
96.00
74.00
81.00
93.00
82.00
25.00
85.00
85.00
55.00
97.00
55.00
27.00
67.00
85.00
43.00
28.00
61.00
55.00
77.00
58.00
90.00
86.00
67.00
75.00
74.00
44.00
44.00
87.00
50.00
99.00
28.00
82.00
31.00
43.00
96.00
46.00
52.00
47.00
59.00
96.00
72.00
74.00
73.00
51.00
100.00
85.00
27.00
50.00
38.00
90.00
88.00
81.00
43.00
71.00
78.00
78.00
33.00
54.00
48.00
61.00
75.00
38.00
84.00
36.00
28.00
55.00
69.00
42.00
83.00
41.00
69.00
91.00
88.00
61.00
33.00
96.00
63.00
59.00
85.00
56.00
35.00
96.00
72.00
95.00
54.00
59.00
22.00
47.00
96.00
81.00
54.00
48.00
84.00
88.00
79.00
84.00
46.00
50.00
24.00
81.00
89.00
46.00
91.00
70.00
57.00
100.00
68.00
82.00
57.00
76.00
84.00
90.00
74.00
46.00
53.00
36.00
87.00
60.00
25.00
34.00
60.00
91.00
86.00
48.00
51.00
20.00
21.00
67.00
89.00
32.00
21.00
79.00
35.00
45.00
43.00
100.00
25.00
94.00
26.00
34.00
47.00
35.00
87.00
31.00
66.00
45.00
94.00
50.00
47.00
35.00
71.00
37.00
89.00
33.00
89.00
88.00
23.00
97.00
94.00
48.00
91.00
52.00
36.00
74.00
98.00
57.00
52.00
58.00
82.00
64.00
64.00
33.00
27.00
100.00
78.00
47.00
44.00
94.00
84.00
74.00
73.00
54.00
76.00
63.00
74.00
95.00
80.00
84.00
22.00
77.00
50.00
69.00
67.00
49.00
86.00
71.00
92.00
42.00
26.00
91.00
35.00
52.00
56.00
31.00
57.00
76.00
65.00
55.00
92.00
72.00
75.00
86.00
83.00
57.00
94.00
67.00
35.00
88.00
40.00
78.00
99.00
37.00
65.00
81.00
45.00
97.00
98.00
65.00
36.00
43.00
52.00
47.00
32.00
73.00
86.00
68.00
24.00
69.00
28.00
71.00
94.00
40.00
43.00
31.00
28.00
63.00
77.00
29.00
80.00
22.00
96.00
22.00
