//Number of items      
1000
//Bin Capacity         
150.00
//Known Best Solution  
399
//Weight of Item		  
59.00
59.00
72.00
41.00
33.00
91.00
28.00
83.00
47.00
81.00
57.00
83.00
75.00
46.00
55.00
81.00
92.00
74.00
48.00
27.00
57.00
83.00
68.00
43.00
49.00
30.00
52.00
27.00
77.00
79.00
45.00
47.00
38.00
54.00
82.00
45.00
51.00
32.00
40.00
75.00
98.00
52.00
37.00
60.00
28.00
79.00
81.00
60.00
90.00
97.00
28.00
30.00
73.00
96.00
54.00
95.00
21.00
95.00
88.00
39.00
50.00
28.00
35.00
66.00
29.00
88.00
27.00
52.00
99.00
85.00
31.00
49.00
63.00
72.00
39.00
46.00
23.00
64.00
96.00
40.00
60.00
48.00
88.00
29.00
88.00
67.00
94.00
87.00
24.00
36.00
33.00
58.00
28.00
63.00
89.00
56.00
47.00
65.00
46.00
71.00
98.00
84.00
73.00
79.00
62.00
74.00
91.00
95.00
72.00
78.00
40.00
75.00
44.00
27.00
94.00
94.00
85.00
56.00
89.00
26.00
62.00
81.00
74.00
99.00
29.00
63.00
52.00
65.00
22.00
87.00
25.00
76.00
49.00
73.00
74.00
34.00
41.00
60.00
41.00
64.00
83.00
86.00
78.00
83.00
84.00
55.00
60.00
74.00
91.00
96.00
26.00
44.00
56.00
84.00
88.00
38.00
75.00
75.00
98.00
58.00
98.00
79.00
99.00
38.00
92.00
72.00
47.00
63.00
89.00
98.00
36.00
36.00
38.00
100.00
65.00
31.00
78.00
52.00
46.00
56.00
99.00
27.00
89.00
75.00
30.00
56.00
39.00
46.00
81.00
79.00
24.00
38.00
49.00
49.00
55.00
20.00
33.00
29.00
58.00
80.00
45.00
93.00
38.00
45.00
92.00
25.00
23.00
49.00
82.00
92.00
58.00
89.00
76.00
23.00
43.00
46.00
34.00
33.00
87.00
47.00
40.00
28.00
74.00
60.00
39.00
64.00
64.00
77.00
67.00
27.00
80.00
37.00
91.00
62.00
63.00
52.00
90.00
22.00
56.00
69.00
42.00
49.00
27.00
53.00
63.00
73.00
33.00
61.00
67.00
50.00
69.00
55.00
40.00
88.00
43.00
91.00
59.00
28.00
33.00
30.00
95.00
71.00
80.00
53.00
77.00
90.00
21.00
92.00
75.00
99.00
56.00
97.00
69.00
58.00
66.00
50.00
38.00
92.00
100.00
49.00
29.00
42.00
92.00
33.00
48.00
27.00
48.00
62.00
42.00
38.00
81.00
51.00
43.00
25.00
66.00
81.00
80.00
55.00
51.00
95.00
23.00
75.00
75.00
66.00
42.00
53.00
68.00
35.00
56.00
86.00
47.00
69.00
48.00
71.00
33.00
77.00
40.00
78.00
72.00
66.00
27.00
60.00
23.00
51.00
66.00
87.00
40.00
81.00
81.00
26.00
51.00
85.00
32.00
23.00
75.00
71.00
38.00
30.00
54.00
37.00
69.00
74.00
39.00
59.00
44.00
91.00
25.00
33.00
84.00
34.00
22.00
35.00
85.00
45.00
55.00
86.00
97.00
97.00
43.00
88.00
50.00
23.00
27.00
42.00
46.00
63.00
23.00
83.00
38.00
27.00
68.00
94.00
25.00
92.00
74.00
79.00
77.00
24.00
62.00
42.00
42.00
26.00
42.00
27.00
26.00
68.00
28.00
22.00
29.00
29.00
30.00
68.00
61.00
94.00
35.00
79.00
20.00
51.00
79.00
81.00
49.00
63.00
85.00
71.00
81.00
94.00
64.00
31.00
34.00
61.00
67.00
69.00
30.00
30.00
65.00
98.00
47.00
67.00
46.00
85.00
86.00
77.00
32.00
58.00
95.00
46.00
78.00
91.00
71.00
93.00
36.00
35.00
63.00
38.00
22.00
98.00
88.00
58.00
40.00
94.00
30.00
50.00
23.00
65.00
93.00
39.00
70.00
58.00
60.00
52.00
67.00
63.00
94.00
37.00
37.00
26.00
40.00
31.00
32.00
30.00
79.00
22.00
90.00
51.00
20.00
36.00
49.00
34.00
49.00
87.00
23.00
53.00
47.00
88.00
95.00
31.00
78.00
97.00
60.00
96.00
32.00
65.00
75.00
95.00
88.00
76.00
30.00
89.00
53.00
72.00
60.00
40.00
63.00
48.00
23.00
26.00
41.00
55.00
73.00
52.00
29.00
55.00
42.00
96.00
49.00
90.00
49.00
38.00
35.00
49.00
49.00
23.00
85.00
58.00
64.00
100.00
26.00
57.00
71.00
54.00
23.00
69.00
37.00
82.00
32.00
30.00
27.00
60.00
84.00
84.00
92.00
64.00
86.00
51.00
70.00
81.00
29.00
95.00
46.00
95.00
65.00
50.00
75.00
29.00
80.00
59.00
86.00
20.00
79.00
96.00
97.00
93.00
47.00
24.00
24.00
88.00
53.00
36.00
38.00
51.00
40.00
63.00
90.00
38.00
89.00
92.00
89.00
42.00
46.00
35.00
87.00
75.00
76.00
88.00
97.00
88.00
32.00
44.00
80.00
55.00
98.00
29.00
76.00
85.00
35.00
62.00
20.00
64.00
75.00
30.00
75.00
70.00
35.00
85.00
100.00
42.00
75.00
47.00
61.00
84.00
30.00
57.00
41.00
25.00
20.00
54.00
32.00
30.00
52.00
99.00
99.00
30.00
99.00
37.00
24.00
85.00
85.00
50.00
33.00
31.00
95.00
23.00
27.00
53.00
59.00
32.00
53.00
96.00
93.00
35.00
77.00
77.00
88.00
38.00
26.00
25.00
96.00
82.00
27.00
36.00
47.00
99.00
77.00
22.00
31.00
23.00
26.00
20.00
77.00
86.00
58.00
40.00
29.00
43.00
27.00
29.00
95.00
57.00
59.00
71.00
20.00
30.00
23.00
54.00
76.00
97.00
62.00
50.00
69.00
87.00
35.00
93.00
31.00
79.00
93.00
24.00
42.00
24.00
78.00
25.00
48.00
67.00
93.00
70.00
93.00
76.00
80.00
65.00
94.00
28.00
39.00
60.00
81.00
94.00
97.00
41.00
45.00
65.00
57.00
47.00
68.00
27.00
81.00
27.00
70.00
55.00
36.00
77.00
55.00
91.00
62.00
70.00
95.00
77.00
85.00
46.00
98.00
99.00
30.00
29.00
94.00
78.00
55.00
67.00
48.00
60.00
94.00
79.00
61.00
78.00
23.00
43.00
34.00
76.00
56.00
32.00
34.00
41.00
99.00
89.00
31.00
83.00
93.00
51.00
98.00
67.00
68.00
81.00
21.00
38.00
33.00
73.00
66.00
96.00
26.00
64.00
76.00
57.00
47.00
78.00
100.00
27.00
26.00
70.00
70.00
53.00
64.00
93.00
47.00
46.00
43.00
72.00
59.00
31.00
78.00
20.00
47.00
68.00
52.00
20.00
97.00
93.00
85.00
64.00
91.00
84.00
79.00
90.00
74.00
98.00
64.00
78.00
49.00
34.00
67.00
72.00
84.00
74.00
38.00
42.00
26.00
57.00
87.00
95.00
39.00
54.00
48.00
78.00
41.00
55.00
37.00
95.00
72.00
58.00
51.00
72.00
40.00
28.00
48.00
89.00
39.00
92.00
51.00
28.00
94.00
50.00
85.00
46.00
30.00
70.00
20.00
69.00
28.00
60.00
72.00
84.00
30.00
93.00
99.00
36.00
83.00
75.00
61.00
78.00
67.00
68.00
87.00
93.00
42.00
71.00
57.00
64.00
25.00
80.00
26.00
94.00
90.00
65.00
73.00
100.00
79.00
90.00
64.00
54.00
25.00
36.00
51.00
80.00
21.00
84.00
59.00
40.00
77.00
89.00
27.00
84.00
47.00
58.00
86.00
80.00
63.00
23.00
84.00
34.00
79.00
69.00
90.00
71.00
79.00
91.00
45.00
30.00
71.00
45.00
42.00
26.00
48.00
75.00
90.00
52.00
92.00
67.00
96.00
27.00
81.00
49.00
57.00
41.00
28.00
31.00
38.00
27.00
88.00
94.00
53.00
48.00
97.00
43.00
95.00
82.00
54.00
95.00
20.00
66.00
63.00
58.00
41.00
26.00
76.00
48.00
78.00
72.00
83.00
52.00
22.00
56.00
57.00
57.00
87.00
29.00
23.00
71.00
32.00
97.00
43.00
37.00
93.00
87.00
71.00
73.00
53.00
92.00
20.00
32.00
50.00
56.00
41.00
56.00
48.00
84.00
77.00
78.00
79.00
82.00
78.00
93.00
52.00
35.00
74.00
88.00
62.00
63.00
59.00
26.00
41.00
42.00
96.00
76.00
73.00
40.00
26.00
44.00
85.00
56.00
66.00
98.00
68.00
60.00
29.00
60.00
95.00
45.00
78.00
57.00
89.00
37.00
54.00
62.00
61.00
61.00
