//Number of items      
120
//Bin Capacity         
150.00
//Known Best Solution  
46
//Weight of Item		  
91.00
55.00
60.00
37.00
86.00
21.00
21.00
43.00
77.00
75.00
92.00
33.00
59.00
74.00
40.00
36.00
62.00
21.00
56.00
38.00
22.00
45.00
94.00
68.00
83.00
86.00
75.00
21.00
40.00
44.00
74.00
52.00
61.00
95.00
20.00
79.00
76.00
32.00
21.00
91.00
83.00
39.00
31.00
81.00
41.00
90.00
74.00
100.00
38.00
33.00
74.00
40.00
80.00
39.00
22.00
46.00
58.00
65.00
67.00
37.00
82.00
64.00
26.00
80.00
74.00
20.00
62.00
82.00
40.00
28.00
72.00
45.00
62.00
72.00
89.00
31.00
92.00
63.00
89.00
33.00
25.00
54.00
66.00
100.00
20.00
90.00
87.00
48.00
28.00
46.00
76.00
50.00
66.00
30.00
26.00
23.00
40.00
70.00
57.00
92.00
52.00
54.00
27.00
58.00
66.00
65.00
93.00
83.00
37.00
62.00
94.00
29.00
66.00
98.00
20.00
66.00
42.00
52.00
90.00
22.00
