//Number of items      
120
//Bin Capacity         
150.00
//Known Best Solution  
51
//Weight of Item		  
100.00
22.00
25.00
51.00
95.00
58.00
97.00
30.00
79.00
23.00
53.00
80.00
20.00
65.00
64.00
21.00
26.00
100.00
81.00
98.00
70.00
85.00
92.00
97.00
86.00
71.00
91.00
29.00
63.00
34.00
67.00
23.00
33.00
89.00
94.00
47.00
100.00
37.00
40.00
58.00
73.00
39.00
49.00
79.00
54.00
57.00
98.00
69.00
67.00
49.00
38.00
34.00
96.00
27.00
92.00
82.00
69.00
45.00
69.00
20.00
75.00
97.00
51.00
70.00
29.00
91.00
98.00
77.00
48.00
45.00
43.00
61.00
36.00
82.00
89.00
94.00
26.00
35.00
58.00
58.00
57.00
46.00
44.00
91.00
49.00
52.00
65.00
42.00
33.00
60.00
37.00
57.00
91.00
52.00
95.00
84.00
72.00
75.00
89.00
81.00
67.00
74.00
87.00
60.00
32.00
76.00
85.00
59.00
62.00
39.00
64.00
52.00
88.00
45.00
29.00
88.00
85.00
54.00
40.00
57.00
