//Number of items      
120
//Bin Capacity         
150.00
//Known Best Solution  
50
//Weight of Item		  
23.00
48.00
78.00
85.00
92.00
39.00
31.00
76.00
87.00
54.00
61.00
66.00
40.00
22.00
74.00
99.00
96.00
73.00
24.00
43.00
93.00
47.00
51.00
22.00
49.00
39.00
21.00
72.00
93.00
72.00
49.00
68.00
71.00
82.00
44.00
25.00
82.00
74.00
59.00
28.00
33.00
61.00
90.00
97.00
62.00
42.00
100.00
50.00
31.00
84.00
81.00
27.00
45.00
84.00
54.00
34.00
79.00
100.00
63.00
48.00
68.00
46.00
74.00
65.00
35.00
66.00
53.00
27.00
70.00
86.00
49.00
45.00
86.00
74.00
64.00
73.00
93.00
34.00
97.00
80.00
24.00
87.00
100.00
75.00
89.00
78.00
46.00
31.00
68.00
63.00
78.00
28.00
96.00
54.00
64.00
31.00
65.00
90.00
41.00
47.00
71.00
51.00
63.00
44.00
93.00
46.00
46.00
83.00
68.00
57.00
89.00
35.00
99.00
39.00
24.00
69.00
64.00
25.00
85.00
65.00
