//Number of items      
120
//Bin Capacity         
150.00
//Known Best Solution  
49
//Weight of Item		  
77.00
78.00
35.00
33.00
94.00
36.00
59.00
85.00
98.00
80.00
79.00
68.00
61.00
27.00
95.00
83.00
91.00
90.00
38.00
93.00
22.00
35.00
38.00
100.00
26.00
35.00
64.00
40.00
79.00
49.00
88.00
41.00
28.00
62.00
78.00
65.00
90.00
35.00
50.00
62.00
91.00
57.00
60.00
50.00
28.00
77.00
97.00
35.00
40.00
21.00
73.00
30.00
75.00
50.00
27.00
58.00
59.00
94.00
60.00
55.00
89.00
84.00
91.00
65.00
99.00
89.00
83.00
47.00
52.00
24.00
66.00
98.00
51.00
21.00
23.00
78.00
41.00
99.00
52.00
36.00
69.00
70.00
91.00
54.00
38.00
98.00
57.00
64.00
76.00
61.00
31.00
27.00
23.00
22.00
61.00
65.00
35.00
37.00
75.00
54.00
97.00
45.00
78.00
22.00
79.00
76.00
81.00
78.00
41.00
59.00
28.00
58.00
90.00
78.00
57.00
63.00
24.00
27.00
79.00
67.00
