//Number of items      
120
//Bin Capacity         
150.00
//Known Best Solution  
52
//Weight of Item		  
25.00
54.00
47.00
58.00
50.00
87.00
90.00
45.00
71.00
70.00
38.00
49.00
42.00
33.00
78.00
48.00
94.00
99.00
100.00
84.00
91.00
27.00
69.00
52.00
64.00
99.00
30.00
34.00
55.00
96.00
92.00
48.00
88.00
76.00
38.00
73.00
90.00
99.00
45.00
84.00
94.00
82.00
28.00
35.00
94.00
100.00
44.00
23.00
58.00
23.00
35.00
84.00
75.00
30.00
58.00
61.00
61.00
100.00
63.00
99.00
85.00
60.00
78.00
56.00
76.00
61.00
59.00
93.00
83.00
84.00
89.00
59.00
75.00
32.00
21.00
62.00
27.00
64.00
44.00
83.00
68.00
90.00
38.00
98.00
44.00
66.00
76.00
67.00
65.00
81.00
95.00
62.00
34.00
33.00
56.00
75.00
40.00
72.00
49.00
95.00
59.00
40.00
53.00
27.00
70.00
27.00
72.00
92.00
79.00
66.00
92.00
47.00
87.00
32.00
51.00
94.00
22.00
79.00
75.00
70.00
