//Number of items      
120
//Bin Capacity         
150.00
//Known Best Solution  
48
//Weight of Item		  
83.00
37.00
98.00
85.00
88.00
95.00
29.00
35.00
100.00
55.00
48.00
27.00
20.00
66.00
62.00
52.00
88.00
59.00
97.00
91.00
81.00
81.00
86.00
48.00
43.00
60.00
72.00
88.00
90.00
48.00
38.00
60.00
53.00
55.00
90.00
48.00
55.00
57.00
59.00
25.00
51.00
22.00
43.00
31.00
52.00
89.00
96.00
58.00
63.00
27.00
46.00
43.00
30.00
44.00
71.00
66.00
64.00
28.00
83.00
88.00
42.00
92.00
95.00
36.00
24.00
62.00
44.00
82.00
59.00
31.00
96.00
44.00
61.00
78.00
72.00
62.00
76.00
65.00
22.00
41.00
27.00
85.00
80.00
72.00
100.00
29.00
27.00
43.00
83.00
32.00
33.00
53.00
95.00
99.00
20.00
23.00
72.00
50.00
50.00
27.00
89.00
53.00
75.00
81.00
34.00
27.00
69.00
48.00
84.00
37.00
69.00
54.00
51.00
49.00
49.00
54.00
100.00
55.00
45.00
83.00
