//Number of items      
250
//Bin Capacity         
150.00
//Known Best Solution  
104
//Weight of Item		  
49.00
45.00
86.00
74.00
64.00
73.00
93.00
34.00
97.00
80.00
24.00
87.00
100.00
75.00
89.00
78.00
46.00
31.00
68.00
63.00
78.00
28.00
96.00
54.00
64.00
31.00
65.00
90.00
41.00
47.00
71.00
51.00
63.00
44.00
93.00
46.00
46.00
83.00
68.00
57.00
89.00
35.00
99.00
39.00
24.00
69.00
64.00
25.00
85.00
65.00
81.00
61.00
40.00
64.00
88.00
43.00
99.00
53.00
98.00
70.00
38.00
75.00
23.00
80.00
72.00
97.00
89.00
80.00
38.00
30.00
34.00
22.00
61.00
48.00
22.00
28.00
99.00
55.00
89.00
67.00
24.00
27.00
91.00
90.00
20.00
36.00
77.00
44.00
24.00
60.00
96.00
83.00
53.00
76.00
27.00
91.00
58.00
78.00
23.00
31.00
99.00
42.00
64.00
39.00
73.00
43.00
36.00
76.00
97.00
41.00
90.00
24.00
82.00
55.00
93.00
63.00
61.00
39.00
73.00
54.00
77.00
100.00
46.00
69.00
74.00
41.00
32.00
56.00
68.00
98.00
61.00
28.00
21.00
30.00
47.00
43.00
54.00
33.00
31.00
38.00
49.00
40.00
44.00
93.00
20.00
81.00
71.00
36.00
71.00
36.00
42.00
56.00
85.00
23.00
86.00
88.00
95.00
61.00
41.00
34.00
74.00
37.00
82.00
30.00
98.00
86.00
37.00
93.00
100.00
69.00
25.00
54.00
47.00
58.00
50.00
87.00
90.00
45.00
71.00
70.00
38.00
49.00
42.00
33.00
78.00
48.00
94.00
99.00
100.00
84.00
91.00
27.00
69.00
52.00
64.00
99.00
30.00
34.00
55.00
96.00
92.00
48.00
88.00
76.00
38.00
73.00
90.00
99.00
45.00
84.00
94.00
82.00
28.00
35.00
94.00
100.00
44.00
23.00
58.00
23.00
35.00
84.00
75.00
30.00
58.00
61.00
61.00
100.00
63.00
99.00
85.00
60.00
78.00
56.00
76.00
61.00
59.00
93.00
83.00
84.00
89.00
59.00
75.00
32.00
21.00
62.00
27.00
64.00
44.00
83.00
