//Number of items      
250
//Bin Capacity         
150.00
//Known Best Solution  
100
//Weight of Item		  
87.00
62.00
73.00
65.00
73.00
72.00
77.00
85.00
33.00
39.00
58.00
100.00
87.00
24.00
35.00
34.00
28.00
70.00
49.00
36.00
65.00
27.00
75.00
99.00
99.00
59.00
79.00
99.00
90.00
64.00
42.00
82.00
58.00
56.00
89.00
80.00
97.00
82.00
44.00
92.00
29.00
39.00
90.00
99.00
68.00
40.00
23.00
95.00
39.00
77.00
59.00
74.00
94.00
67.00
72.00
90.00
60.00
49.00
21.00
20.00
49.00
33.00
85.00
84.00
50.00
95.00
52.00
31.00
46.00
96.00
73.00
66.00
33.00
90.00
77.00
79.00
27.00
91.00
54.00
62.00
44.00
78.00
35.00
62.00
97.00
25.00
79.00
31.00
26.00
87.00
30.00
24.00
31.00
24.00
53.00
90.00
66.00
21.00
58.00
28.00
81.00
61.00
100.00
33.00
95.00
77.00
77.00
75.00
52.00
58.00
95.00
47.00
27.00
29.00
74.00
84.00
49.00
25.00
57.00
90.00
61.00
59.00
99.00
70.00
33.00
25.00
54.00
66.00
32.00
20.00
32.00
47.00
28.00
71.00
33.00
55.00
81.00
56.00
21.00
83.00
67.00
46.00
96.00
50.00
94.00
55.00
57.00
100.00
35.00
50.00
21.00
97.00
30.00
34.00
57.00
74.00
99.00
63.00
40.00
96.00
83.00
37.00
59.00
72.00
59.00
50.00
84.00
88.00
22.00
97.00
81.00
22.00
55.00
31.00
66.00
23.00
88.00
89.00
28.00
77.00
78.00
41.00
93.00
94.00
45.00
84.00
48.00
75.00
38.00
68.00
34.00
37.00
40.00
78.00
60.00
94.00
58.00
71.00
70.00
30.00
77.00
34.00
96.00
58.00
70.00
61.00
27.00
55.00
48.00
80.00
26.00
59.00
31.00
55.00
80.00
75.00
73.00
48.00
22.00
35.00
97.00
46.00
98.00
48.00
49.00
28.00
67.00
94.00
46.00
46.00
37.00
45.00
48.00
42.00
31.00
67.00
23.00
98.00
58.00
55.00
24.00
60.00
48.00
95.00
93.00
49.00
56.00
90.00
31.00
24.00
