//Number of items      
250
//Bin Capacity         
150.00
//Known Best Solution  
105
//Weight of Item		  
68.00
90.00
38.00
98.00
44.00
66.00
76.00
67.00
65.00
81.00
95.00
62.00
34.00
33.00
56.00
75.00
40.00
72.00
49.00
95.00
59.00
40.00
53.00
27.00
70.00
27.00
72.00
92.00
79.00
66.00
92.00
47.00
87.00
32.00
51.00
94.00
22.00
79.00
75.00
70.00
58.00
85.00
37.00
68.00
69.00
47.00
63.00
37.00
53.00
90.00
85.00
88.00
68.00
100.00
86.00
93.00
26.00
44.00
77.00
72.00
46.00
58.00
44.00
49.00
100.00
72.00
76.00
74.00
78.00
30.00
79.00
30.00
88.00
29.00
70.00
69.00
26.00
53.00
86.00
48.00
55.00
30.00
95.00
22.00
79.00
94.00
54.00
43.00
84.00
51.00
80.00
90.00
61.00
43.00
71.00
72.00
82.00
83.00
91.00
56.00
42.00
45.00
80.00
73.00
62.00
95.00
53.00
40.00
42.00
63.00
80.00
79.00
86.00
59.00
22.00
62.00
72.00
51.00
60.00
55.00
56.00
92.00
56.00
55.00
51.00
34.00
100.00
89.00
64.00
99.00
87.00
74.00
38.00
28.00
50.00
86.00
92.00
98.00
30.00
30.00
89.00
51.00
65.00
31.00
60.00
85.00
79.00
39.00
27.00
61.00
84.00
41.00
53.00
77.00
77.00
94.00
86.00
91.00
49.00
47.00
35.00
28.00
82.00
73.00
34.00
92.00
51.00
35.00
51.00
47.00
64.00
89.00
72.00
89.00
22.00
52.00
75.00
85.00
73.00
83.00
56.00
58.00
57.00
64.00
50.00
66.00
26.00
80.00
61.00
54.00
40.00
89.00
46.00
45.00
59.00
51.00
79.00
73.00
95.00
42.00
21.00
64.00
73.00
68.00
65.00
100.00
50.00
81.00
55.00
71.00
44.00
63.00
76.00
36.00
73.00
74.00
98.00
36.00
97.00
23.00
58.00
50.00
70.00
75.00
97.00
76.00
24.00
72.00
34.00
36.00
67.00
45.00
55.00
94.00
63.00
100.00
95.00
54.00
40.00
62.00
68.00
87.00
48.00
37.00
85.00
73.00
62.00
22.00
23.00
33.00
