//Number of items      
250
//Bin Capacity         
150.00
//Known Best Solution  
101
//Weight of Item		  
81.00
41.00
27.00
95.00
46.00
69.00
45.00
39.00
32.00
98.00
41.00
46.00
100.00
86.00
84.00
39.00
67.00
34.00
92.00
59.00
43.00
21.00
56.00
88.00
26.00
35.00
51.00
22.00
100.00
96.00
49.00
95.00
38.00
62.00
63.00
97.00
42.00
62.00
100.00
43.00
44.00
77.00
97.00
94.00
68.00
23.00
50.00
36.00
89.00
58.00
97.00
27.00
64.00
65.00
54.00
58.00
24.00
35.00
33.00
63.00
32.00
50.00
58.00
90.00
44.00
50.00
48.00
21.00
72.00
75.00
21.00
74.00
28.00
95.00
77.00
69.00
96.00
24.00
57.00
85.00
72.00
96.00
50.00
83.00
65.00
62.00
99.00
93.00
23.00
77.00
94.00
31.00
50.00
33.00
79.00
73.00
23.00
55.00
44.00
78.00
84.00
66.00
31.00
59.00
97.00
95.00
22.00
76.00
90.00
66.00
29.00
100.00
90.00
92.00
50.00
49.00
47.00
43.00
37.00
40.00
60.00
52.00
54.00
99.00
34.00
46.00
88.00
97.00
85.00
39.00
32.00
51.00
95.00
54.00
99.00
86.00
48.00
90.00
28.00
25.00
86.00
39.00
74.00
26.00
38.00
60.00
41.00
67.00
80.00
33.00
37.00
62.00
71.00
87.00
31.00
72.00
84.00
84.00
53.00
85.00
32.00
24.00
88.00
54.00
28.00
36.00
91.00
61.00
29.00
68.00
69.00
35.00
30.00
88.00
85.00
87.00
70.00
70.00
59.00
26.00
73.00
27.00
44.00
27.00
35.00
38.00
65.00
21.00
69.00
59.00
35.00
70.00
40.00
84.00
42.00
92.00
24.00
46.00
78.00
60.00
76.00
43.00
49.00
79.00
65.00
24.00
28.00
43.00
26.00
93.00
62.00
91.00
21.00
21.00
32.00
34.00
86.00
27.00
79.00
34.00
88.00
93.00
58.00
77.00
62.00
87.00
99.00
61.00
83.00
75.00
99.00
93.00
39.00
85.00
31.00
69.00
48.00
67.00
50.00
24.00
49.00
82.00
97.00
86.00
21.00
86.00
41.00
100.00
84.00
77.00
