//Number of items      
250
//Bin Capacity         
150.00
//Known Best Solution  
102
//Weight of Item		  
81.00
39.00
75.00
66.00
85.00
36.00
60.00
56.00
50.00
75.00
75.00
37.00
87.00
95.00
21.00
99.00
42.00
57.00
31.00
37.00
42.00
40.00
69.00
91.00
45.00
97.00
84.00
90.00
52.00
43.00
68.00
53.00
37.00
65.00
79.00
73.00
92.00
87.00
20.00
20.00
73.00
42.00
52.00
20.00
24.00
76.00
71.00
72.00
21.00
21.00
82.00
92.00
78.00
87.00
50.00
41.00
31.00
73.00
89.00
59.00
88.00
40.00
71.00
69.00
45.00
57.00
49.00
68.00
84.00
32.00
69.00
77.00
92.00
98.00
57.00
39.00
32.00
23.00
99.00
91.00
48.00
21.00
70.00
43.00
73.00
69.00
65.00
57.00
67.00
28.00
84.00
42.00
61.00
92.00
82.00
34.00
74.00
55.00
60.00
69.00
26.00
25.00
67.00
77.00
67.00
79.00
47.00
84.00
50.00
21.00
87.00
83.00
44.00
88.00
78.00
53.00
78.00
37.00
47.00
52.00
32.00
88.00
85.00
82.00
55.00
41.00
60.00
66.00
78.00
72.00
34.00
64.00
20.00
60.00
100.00
62.00
80.00
34.00
68.00
38.00
32.00
32.00
37.00
82.00
98.00
90.00
58.00
97.00
56.00
34.00
70.00
39.00
56.00
69.00
36.00
20.00
99.00
84.00
53.00
27.00
88.00
53.00
42.00
45.00
42.00
31.00
54.00
60.00
55.00
27.00
36.00
31.00
39.00
91.00
45.00
97.00
26.00
80.00
41.00
56.00
70.00
97.00
48.00
87.00
23.00
32.00
75.00
100.00
97.00
51.00
78.00
78.00
21.00
72.00
72.00
79.00
46.00
30.00
48.00
27.00
95.00
48.00
67.00
58.00
46.00
92.00
21.00
82.00
91.00
40.00
56.00
24.00
94.00
44.00
91.00
92.00
81.00
24.00
84.00
44.00
83.00
37.00
98.00
85.00
88.00
95.00
29.00
35.00
100.00
55.00
48.00
27.00
20.00
66.00
62.00
52.00
88.00
59.00
97.00
91.00
81.00
81.00
86.00
48.00
43.00
60.00
72.00
88.00
90.00
48.00
