//Number of items      
250
//Bin Capacity         
150.00
//Known Best Solution  
102
//Weight of Item		  
71.00
39.00
69.00
32.00
82.00
75.00
60.00
39.00
80.00
61.00
43.00
34.00
80.00
69.00
21.00
59.00
82.00
54.00
26.00
51.00
96.00
76.00
76.00
45.00
41.00
73.00
91.00
23.00
98.00
90.00
59.00
43.00
52.00
48.00
87.00
97.00
51.00
72.00
77.00
59.00
83.00
65.00
40.00
79.00
30.00
31.00
99.00
40.00
42.00
66.00
47.00
67.00
50.00
72.00
62.00
95.00
75.00
81.00
36.00
36.00
70.00
89.00
95.00
62.00
56.00
23.00
37.00
50.00
46.00
30.00
64.00
94.00
65.00
55.00
24.00
28.00
96.00
31.00
57.00
72.00
96.00
63.00
40.00
79.00
89.00
97.00
50.00
37.00
93.00
52.00
86.00
74.00
47.00
84.00
77.00
48.00
54.00
97.00
70.00
29.00
40.00
74.00
71.00
46.00
46.00
63.00
48.00
74.00
25.00
77.00
46.00
80.00
35.00
56.00
65.00
49.00
38.00
26.00
81.00
80.00
73.00
38.00
27.00
97.00
47.00
88.00
42.00
62.00
45.00
33.00
78.00
35.00
63.00
25.00
74.00
63.00
41.00
81.00
68.00
78.00
52.00
30.00
22.00
100.00
42.00
53.00
60.00
58.00
92.00
74.00
67.00
72.00
30.00
48.00
65.00
23.00
94.00
99.00
67.00
57.00
73.00
44.00
63.00
53.00
87.00
54.00
62.00
100.00
30.00
20.00
25.00
94.00
85.00
68.00
59.00
82.00
52.00
100.00
89.00
49.00
74.00
44.00
23.00
39.00
21.00
65.00
80.00
93.00
36.00
97.00
74.00
37.00
52.00
94.00
60.00
77.00
57.00
71.00
61.00
92.00
98.00
86.00
55.00
89.00
24.00
88.00
53.00
85.00
39.00
89.00
64.00
45.00
52.00
71.00
79.00
23.00
50.00
95.00
55.00
36.00
95.00
41.00
36.00
94.00
52.00
36.00
76.00
72.00
52.00
42.00
27.00
61.00
55.00
64.00
30.00
22.00
53.00
71.00
51.00
37.00
96.00
74.00
63.00
54.00
81.00
77.00
55.00
29.00
89.00
41.00
