//Number of items      
250
//Bin Capacity         
150.00
//Known Best Solution  
106
//Weight of Item		  
65.00
58.00
79.00
76.00
84.00
63.00
91.00
81.00
30.00
57.00
71.00
67.00
33.00
27.00
99.00
36.00
48.00
66.00
68.00
66.00
40.00
87.00
99.00
59.00
42.00
50.00
51.00
87.00
98.00
64.00
32.00
41.00
56.00
85.00
87.00
95.00
46.00
75.00
37.00
54.00
58.00
82.00
57.00
26.00
94.00
31.00
71.00
95.00
27.00
29.00
38.00
37.00
55.00
94.00
70.00
90.00
29.00
98.00
27.00
95.00
98.00
95.00
98.00
51.00
47.00
71.00
27.00
61.00
49.00
66.00
93.00
89.00
34.00
60.00
33.00
97.00
74.00
95.00
44.00
96.00
88.00
89.00
84.00
52.00
50.00
53.00
90.00
94.00
98.00
46.00
62.00
68.00
45.00
77.00
49.00
82.00
51.00
95.00
33.00
94.00
98.00
75.00
47.00
42.00
64.00
34.00
51.00
68.00
27.00
42.00
87.00
65.00
44.00
62.00
84.00
75.00
70.00
44.00
84.00
54.00
92.00
58.00
50.00
61.00
95.00
59.00
22.00
24.00
56.00
59.00
45.00
54.00
43.00
70.00
97.00
97.00
29.00
42.00
55.00
67.00
91.00
26.00
61.00
65.00
28.00
26.00
54.00
96.00
49.00
46.00
100.00
68.00
58.00
43.00
36.00
78.00
40.00
22.00
41.00
82.00
46.00
58.00
29.00
97.00
62.00
69.00
57.00
67.00
85.00
32.00
93.00
43.00
47.00
99.00
20.00
81.00
70.00
91.00
23.00
80.00
43.00
81.00
22.00
76.00
95.00
29.00
60.00
50.00
99.00
38.00
79.00
20.00
67.00
63.00
89.00
85.00
97.00
100.00
33.00
100.00
43.00
31.00
57.00
45.00
48.00
72.00
26.00
66.00
30.00
81.00
43.00
62.00
86.00
64.00
89.00
22.00
100.00
73.00
38.00
63.00
32.00
31.00
33.00
88.00
72.00
74.00
100.00
57.00
97.00
49.00
80.00
98.00
71.00
82.00
28.00
67.00
88.00
57.00
44.00
78.00
74.00
47.00
57.00
96.00
47.00
82.00
55.00
90.00
63.00
55.00
