//Number of items      
500
//Bin Capacity         
150.00
//Known Best Solution  
202
//Weight of Item		  
62.00
99.00
64.00
96.00
92.00
87.00
83.00
86.00
39.00
83.00
60.00
31.00
71.00
92.00
24.00
49.00
59.00
93.00
50.00
83.00
55.00
56.00
43.00
61.00
99.00
87.00
73.00
80.00
83.00
96.00
99.00
82.00
79.00
73.00
20.00
60.00
77.00
93.00
74.00
72.00
80.00
73.00
38.00
30.00
52.00
75.00
50.00
82.00
83.00
96.00
46.00
38.00
55.00
42.00
64.00
66.00
98.00
21.00
80.00
60.00
78.00
25.00
76.00
44.00
79.00
72.00
25.00
86.00
93.00
100.00
27.00
33.00
75.00
28.00
43.00
29.00
65.00
94.00
74.00
69.00
22.00
66.00
67.00
44.00
37.00
38.00
30.00
67.00
27.00
20.00
48.00
39.00
58.00
93.00
59.00
37.00
95.00
45.00
63.00
37.00
41.00
90.00
63.00
25.00
99.00
32.00
90.00
69.00
50.00
65.00
84.00
60.00
25.00
80.00
65.00
31.00
45.00
90.00
26.00
55.00
100.00
97.00
98.00
36.00
44.00
21.00
86.00
46.00
68.00
75.00
97.00
35.00
38.00
92.00
99.00
64.00
48.00
89.00
82.00
96.00
72.00
75.00
62.00
76.00
64.00
44.00
90.00
36.00
23.00
52.00
81.00
77.00
66.00
27.00
54.00
45.00
75.00
100.00
38.00
36.00
45.00
63.00
66.00
63.00
43.00
23.00
46.00
59.00
60.00
58.00
77.00
72.00
51.00
22.00
59.00
48.00
59.00
58.00
91.00
72.00
26.00
74.00
70.00
90.00
71.00
52.00
63.00
36.00
61.00
38.00
69.00
28.00
62.00
64.00
77.00
50.00
96.00
23.00
56.00
64.00
81.00
40.00
88.00
60.00
22.00
65.00
98.00
36.00
37.00
58.00
64.00
57.00
42.00
73.00
21.00
96.00
37.00
88.00
63.00
90.00
95.00
73.00
95.00
77.00
49.00
81.00
28.00
99.00
49.00
77.00
36.00
26.00
93.00
84.00
41.00
74.00
41.00
35.00
20.00
60.00
91.00
79.00
28.00
86.00
70.00
57.00
78.00
23.00
40.00
32.00
75.00
24.00
64.00
48.00
23.00
87.00
56.00
74.00
62.00
21.00
81.00
52.00
46.00
89.00
67.00
28.00
29.00
99.00
36.00
29.00
38.00
93.00
93.00
36.00
65.00
81.00
65.00
48.00
22.00
31.00
23.00
30.00
69.00
75.00
21.00
62.00
75.00
77.00
33.00
79.00
65.00
84.00
54.00
82.00
66.00
81.00
70.00
70.00
87.00
25.00
26.00
76.00
72.00
45.00
36.00
38.00
60.00
61.00
76.00
41.00
25.00
93.00
29.00
81.00
21.00
24.00
77.00
69.00
32.00
26.00
85.00
25.00
90.00
20.00
36.00
20.00
71.00
66.00
87.00
68.00
54.00
43.00
82.00
46.00
81.00
52.00
83.00
98.00
77.00
24.00
34.00
78.00
65.00
51.00
49.00
31.00
89.00
35.00
93.00
29.00
31.00
42.00
86.00
90.00
96.00
64.00
69.00
59.00
74.00
31.00
78.00
77.00
87.00
87.00
72.00
29.00
100.00
62.00
78.00
22.00
48.00
79.00
43.00
92.00
30.00
78.00
22.00
64.00
83.00
52.00
29.00
74.00
49.00
61.00
27.00
35.00
56.00
61.00
70.00
78.00
34.00
52.00
39.00
22.00
95.00
25.00
81.00
85.00
77.00
94.00
79.00
90.00
66.00
60.00
83.00
30.00
87.00
20.00
38.00
86.00
35.00
35.00
88.00
69.00
50.00
38.00
52.00
95.00
73.00
50.00
50.00
48.00
43.00
74.00
68.00
23.00
20.00
37.00
25.00
78.00
46.00
61.00
96.00
50.00
89.00
43.00
26.00
52.00
70.00
93.00
40.00
24.00
67.00
88.00
74.00
44.00
83.00
33.00
77.00
94.00
77.00
89.00
20.00
75.00
100.00
49.00
86.00
66.00
20.00
79.00
81.00
54.00
69.00
69.00
88.00
87.00
88.00
69.00
34.00
84.00
67.00
24.00
94.00
50.00
41.00
20.00
48.00
94.00
29.00
40.00
51.00
91.00
41.00
50.00
47.00
68.00
74.00
55.00
84.00
51.00
53.00
46.00
24.00
62.00
44.00
62.00
76.00
46.00
94.00
44.00
