//Number of items      
500
//Bin Capacity         
150.00
//Known Best Solution  
198
//Weight of Item		  
67.00
25.00
24.00
33.00
75.00
71.00
38.00
24.00
62.00
71.00
88.00
83.00
34.00
49.00
91.00
34.00
33.00
38.00
85.00
83.00
39.00
68.00
33.00
99.00
41.00
47.00
24.00
32.00
25.00
98.00
66.00
99.00
96.00
28.00
98.00
91.00
60.00
74.00
64.00
63.00
31.00
43.00
94.00
32.00
23.00
95.00
28.00
40.00
52.00
77.00
38.00
48.00
79.00
40.00
42.00
54.00
39.00
42.00
30.00
54.00
95.00
31.00
71.00
23.00
58.00
94.00
70.00
56.00
61.00
41.00
37.00
45.00
21.00
54.00
74.00
44.00
92.00
90.00
92.00
89.00
26.00
94.00
79.00
31.00
67.00
36.00
91.00
73.00
98.00
52.00
67.00
75.00
61.00
37.00
64.00
29.00
56.00
34.00
87.00
26.00
42.00
100.00
40.00
29.00
78.00
70.00
59.00
27.00
43.00
59.00
82.00
63.00
76.00
52.00
28.00
66.00
56.00
83.00
62.00
98.00
55.00
98.00
57.00
49.00
95.00
89.00
57.00
69.00
79.00
77.00
44.00
22.00
70.00
87.00
91.00
43.00
42.00
40.00
67.00
59.00
49.00
99.00
60.00
22.00
20.00
35.00
23.00
36.00
98.00
82.00
82.00
57.00
85.00
83.00
85.00
56.00
66.00
37.00
41.00
33.00
82.00
21.00
42.00
99.00
78.00
72.00
36.00
20.00
91.00
34.00
44.00
90.00
88.00
89.00
64.00
96.00
78.00
30.00
78.00
57.00
51.00
30.00
96.00
90.00
35.00
49.00
69.00
49.00
77.00
80.00
24.00
44.00
67.00
28.00
48.00
80.00
35.00
46.00
44.00
40.00
76.00
99.00
86.00
84.00
93.00
25.00
71.00
25.00
66.00
27.00
80.00
57.00
96.00
51.00
28.00
82.00
94.00
48.00
40.00
65.00
54.00
92.00
23.00
72.00
81.00
37.00
71.00
72.00
40.00
95.00
31.00
39.00
25.00
90.00
77.00
73.00
25.00
57.00
67.00
21.00
23.00
70.00
39.00
35.00
68.00
91.00
21.00
21.00
46.00
57.00
67.00
60.00
24.00
89.00
82.00
72.00
20.00
44.00
37.00
91.00
29.00
27.00
84.00
91.00
87.00
34.00
31.00
20.00
73.00
36.00
99.00
29.00
21.00
57.00
74.00
38.00
78.00
98.00
69.00
43.00
84.00
77.00
61.00
79.00
91.00
49.00
89.00
32.00
23.00
83.00
21.00
90.00
85.00
77.00
100.00
94.00
23.00
52.00
71.00
84.00
85.00
98.00
31.00
20.00
69.00
92.00
25.00
74.00
97.00
34.00
61.00
47.00
87.00
28.00
82.00
85.00
97.00
93.00
40.00
23.00
37.00
46.00
70.00
94.00
30.00
74.00
47.00
57.00
33.00
32.00
82.00
67.00
53.00
80.00
64.00
21.00
48.00
57.00
43.00
64.00
88.00
25.00
27.00
90.00
67.00
87.00
67.00
28.00
71.00
21.00
20.00
72.00
93.00
44.00
86.00
85.00
39.00
78.00
54.00
71.00
48.00
74.00
54.00
93.00
52.00
53.00
51.00
48.00
62.00
36.00
48.00
98.00
26.00
70.00
50.00
42.00
32.00
36.00
36.00
85.00
35.00
59.00
53.00
60.00
70.00
66.00
64.00
60.00
29.00
52.00
41.00
28.00
39.00
96.00
22.00
44.00
43.00
83.00
64.00
55.00
50.00
52.00
99.00
71.00
54.00
31.00
34.00
80.00
82.00
82.00
77.00
54.00
67.00
66.00
58.00
49.00
57.00
37.00
27.00
83.00
68.00
86.00
92.00
65.00
31.00
96.00
100.00
45.00
68.00
58.00
29.00
53.00
80.00
57.00
61.00
27.00
87.00
86.00
51.00
73.00
37.00
67.00
77.00
25.00
38.00
88.00
93.00
86.00
23.00
98.00
77.00
27.00
40.00
85.00
71.00
73.00
57.00
96.00
25.00
25.00
62.00
30.00
94.00
39.00
68.00
53.00
36.00
62.00
66.00
44.00
38.00
81.00
59.00
96.00
83.00
82.00
46.00
48.00
67.00
79.00
25.00
32.00
74.00
45.00
70.00
81.00
24.00
73.00
22.00
74.00
69.00
36.00
43.00
73.00
52.00
69.00
95.00
96.00
40.00
67.00
