//Number of items      
500
//Bin Capacity         
150.00
//Known Best Solution  
202
//Weight of Item		  
73.00
39.00
49.00
79.00
54.00
57.00
98.00
69.00
67.00
49.00
38.00
34.00
96.00
27.00
92.00
82.00
69.00
45.00
69.00
20.00
75.00
97.00
51.00
70.00
29.00
91.00
98.00
77.00
48.00
45.00
43.00
61.00
36.00
82.00
89.00
94.00
26.00
35.00
58.00
58.00
57.00
46.00
44.00
91.00
49.00
52.00
65.00
42.00
33.00
60.00
37.00
57.00
91.00
52.00
95.00
84.00
72.00
75.00
89.00
81.00
67.00
74.00
87.00
60.00
32.00
76.00
85.00
59.00
62.00
39.00
64.00
52.00
88.00
45.00
29.00
88.00
85.00
54.00
40.00
57.00
91.00
55.00
60.00
37.00
86.00
21.00
21.00
43.00
77.00
75.00
92.00
33.00
59.00
74.00
40.00
36.00
62.00
21.00
56.00
38.00
22.00
45.00
94.00
68.00
83.00
86.00
75.00
21.00
40.00
44.00
74.00
52.00
61.00
95.00
20.00
79.00
76.00
32.00
21.00
91.00
83.00
39.00
31.00
81.00
41.00
90.00
74.00
100.00
38.00
33.00
74.00
40.00
80.00
39.00
22.00
46.00
58.00
65.00
67.00
37.00
82.00
64.00
26.00
80.00
74.00
20.00
62.00
82.00
40.00
28.00
72.00
45.00
62.00
72.00
89.00
31.00
92.00
63.00
89.00
33.00
25.00
54.00
66.00
100.00
20.00
90.00
87.00
48.00
28.00
46.00
76.00
50.00
66.00
30.00
26.00
23.00
40.00
70.00
57.00
92.00
52.00
54.00
27.00
58.00
66.00
65.00
93.00
83.00
37.00
62.00
94.00
29.00
66.00
98.00
20.00
66.00
42.00
52.00
90.00
22.00
30.00
34.00
65.00
81.00
90.00
44.00
88.00
51.00
97.00
79.00
58.00
46.00
65.00
40.00
68.00
64.00
34.00
59.00
99.00
82.00
86.00
88.00
52.00
76.00
76.00
50.00
51.00
92.00
59.00
22.00
60.00
69.00
45.00
66.00
50.00
62.00
59.00
90.00
54.00
55.00
92.00
23.00
97.00
73.00
39.00
88.00
34.00
92.00
74.00
90.00
55.00
28.00
45.00
71.00
56.00
45.00
63.00
26.00
20.00
34.00
78.00
26.00
21.00
99.00
50.00
52.00
29.00
52.00
84.00
78.00
84.00
89.00
93.00
83.00
97.00
35.00
29.00
80.00
99.00
86.00
63.00
100.00
87.00
54.00
48.00
72.00
98.00
43.00
81.00
96.00
77.00
92.00
32.00
66.00
82.00
52.00
30.00
52.00
97.00
56.00
44.00
67.00
60.00
79.00
78.00
90.00
38.00
99.00
42.00
97.00
63.00
39.00
69.00
67.00
91.00
38.00
37.00
51.00
98.00
30.00
77.00
78.00
35.00
33.00
94.00
36.00
59.00
85.00
98.00
80.00
79.00
68.00
61.00
27.00
95.00
83.00
91.00
90.00
38.00
93.00
22.00
35.00
38.00
100.00
26.00
35.00
64.00
40.00
79.00
49.00
88.00
41.00
28.00
62.00
78.00
65.00
90.00
35.00
50.00
62.00
91.00
57.00
60.00
50.00
28.00
77.00
97.00
35.00
40.00
21.00
73.00
30.00
75.00
50.00
27.00
58.00
59.00
94.00
60.00
55.00
89.00
84.00
91.00
65.00
99.00
89.00
83.00
47.00
52.00
24.00
66.00
98.00
51.00
21.00
23.00
78.00
41.00
99.00
52.00
36.00
69.00
70.00
91.00
54.00
38.00
98.00
57.00
64.00
76.00
61.00
31.00
27.00
23.00
22.00
61.00
65.00
35.00
37.00
75.00
54.00
97.00
45.00
78.00
22.00
79.00
76.00
81.00
78.00
41.00
59.00
28.00
58.00
90.00
78.00
57.00
63.00
24.00
27.00
79.00
67.00
88.00
49.00
57.00
78.00
87.00
66.00
91.00
37.00
51.00
49.00
84.00
32.00
62.00
36.00
52.00
72.00
59.00
77.00
54.00
46.00
57.00
69.00
81.00
80.00
99.00
87.00
33.00
45.00
43.00
66.00
28.00
30.00
54.00
23.00
79.00
69.00
56.00
24.00
82.00
58.00
37.00
56.00
82.00
23.00
78.00
63.00
64.00
37.00
66.00
36.00
41.00
71.00
48.00
42.00
26.00
45.00
26.00
86.00
64.00
54.00
