//Number of items      
500
//Bin Capacity         
150.00
//Known Best Solution  
206
//Weight of Item		  
87.00
70.00
43.00
62.00
40.00
37.00
71.00
34.00
29.00
70.00
41.00
78.00
74.00
51.00
71.00
47.00
21.00
32.00
37.00
80.00
48.00
93.00
22.00
46.00
96.00
44.00
94.00
99.00
100.00
65.00
61.00
34.00
25.00
35.00
60.00
52.00
90.00
81.00
93.00
74.00
85.00
43.00
21.00
89.00
100.00
56.00
55.00
88.00
52.00
63.00
40.00
41.00
62.00
35.00
77.00
72.00
75.00
93.00
55.00
95.00
54.00
87.00
38.00
84.00
83.00
88.00
37.00
65.00
58.00
89.00
89.00
48.00
85.00
25.00
100.00
28.00
20.00
96.00
52.00
100.00
94.00
94.00
69.00
94.00
39.00
62.00
86.00
43.00
61.00
88.00
78.00
72.00
71.00
31.00
45.00
72.00
87.00
60.00
91.00
100.00
66.00
44.00
83.00
23.00
22.00
81.00
22.00
55.00
67.00
73.00
68.00
42.00
83.00
40.00
86.00
63.00
33.00
24.00
54.00
48.00
41.00
56.00
48.00
29.00
51.00
78.00
85.00
68.00
35.00
99.00
74.00
42.00
26.00
49.00
65.00
92.00
51.00
43.00
97.00
91.00
24.00
79.00
30.00
58.00
76.00
59.00
92.00
94.00
43.00
31.00
87.00
59.00
56.00
74.00
91.00
88.00
85.00
70.00
59.00
80.00
54.00
66.00
55.00
61.00
64.00
80.00
53.00
80.00
44.00
74.00
22.00
91.00
91.00
83.00
51.00
57.00
20.00
83.00
46.00
54.00
56.00
76.00
24.00
41.00
26.00
37.00
91.00
52.00
94.00
94.00
49.00
61.00
69.00
79.00
38.00
78.00
25.00
57.00
70.00
81.00
57.00
34.00
22.00
58.00
99.00
39.00
99.00
29.00
34.00
58.00
94.00
46.00
41.00
56.00
86.00
92.00
81.00
82.00
38.00
42.00
99.00
59.00
73.00
57.00
59.00
67.00
44.00
29.00
53.00
54.00
40.00
83.00
55.00
66.00
72.00
80.00
25.00
92.00
78.00
97.00
28.00
99.00
73.00
66.00
44.00
59.00
95.00
53.00
81.00
83.00
92.00
61.00
32.00
31.00
38.00
29.00
44.00
90.00
68.00
35.00
78.00
56.00
25.00
26.00
61.00
90.00
20.00
43.00
37.00
65.00
63.00
39.00
95.00
87.00
83.00
97.00
41.00
87.00
69.00
75.00
82.00
45.00
80.00
78.00
89.00
98.00
32.00
24.00
55.00
63.00
92.00
33.00
95.00
80.00
27.00
62.00
97.00
36.00
73.00
67.00
35.00
82.00
37.00
61.00
82.00
45.00
26.00
56.00
91.00
53.00
71.00
78.00
33.00
20.00
26.00
97.00
90.00
30.00
44.00
86.00
82.00
25.00
56.00
34.00
54.00
97.00
91.00
42.00
74.00
83.00
38.00
44.00
44.00
26.00
66.00
35.00
45.00
80.00
42.00
97.00
26.00
61.00
59.00
92.00
92.00
81.00
33.00
86.00
87.00
100.00
69.00
25.00
51.00
32.00
94.00
50.00
42.00
21.00
90.00
52.00
32.00
66.00
77.00
22.00
64.00
51.00
41.00
81.00
54.00
70.00
67.00
84.00
72.00
47.00
92.00
82.00
96.00
58.00
80.00
95.00
36.00
60.00
42.00
41.00
51.00
29.00
99.00
57.00
21.00
48.00
30.00
65.00
55.00
62.00
60.00
49.00
80.00
63.00
25.00
35.00
54.00
27.00
68.00
64.00
35.00
52.00
87.00
40.00
52.00
41.00
59.00
56.00
77.00
41.00
43.00
73.00
87.00
56.00
76.00
29.00
46.00
39.00
92.00
40.00
72.00
54.00
20.00
56.00
68.00
27.00
23.00
62.00
45.00
95.00
90.00
27.00
36.00
79.00
88.00
51.00
95.00
96.00
66.00
57.00
96.00
25.00
33.00
84.00
67.00
75.00
78.00
61.00
53.00
42.00
72.00
40.00
60.00
99.00
32.00
99.00
70.00
39.00
90.00
73.00
71.00
23.00
61.00
49.00
100.00
35.00
45.00
34.00
84.00
49.00
100.00
75.00
46.00
85.00
83.00
93.00
90.00
68.00
20.00
100.00
73.00
25.00
66.00
70.00
40.00
83.00
37.00
29.00
29.00
87.00
95.00
42.00
95.00
100.00
96.00
55.00
