//Number of items      
500
//Bin Capacity         
150.00
//Known Best Solution  
199
//Weight of Item		  
20.00
53.00
71.00
21.00
86.00
92.00
39.00
73.00
24.00
34.00
64.00
82.00
30.00
55.00
42.00
23.00
46.00
70.00
64.00
45.00
26.00
33.00
69.00
85.00
82.00
57.00
30.00
69.00
99.00
21.00
68.00
26.00
62.00
76.00
63.00
99.00
51.00
60.00
71.00
64.00
96.00
27.00
74.00
90.00
35.00
35.00
70.00
66.00
50.00
64.00
73.00
98.00
61.00
72.00
24.00
51.00
78.00
93.00
28.00
76.00
77.00
51.00
90.00
38.00
79.00
87.00
94.00
78.00
66.00
53.00
23.00
32.00
75.00
27.00
53.00
95.00
48.00
29.00
54.00
85.00
41.00
52.00
62.00
74.00
82.00
93.00
38.00
98.00
94.00
60.00
21.00
49.00
57.00
32.00
73.00
81.00
43.00
73.00
97.00
32.00
24.00
96.00
56.00
61.00
42.00
82.00
58.00
91.00
27.00
85.00
43.00
59.00
70.00
60.00
91.00
81.00
89.00
20.00
96.00
40.00
54.00
24.00
20.00
31.00
70.00
65.00
75.00
92.00
33.00
90.00
20.00
55.00
75.00
89.00
75.00
70.00
52.00
73.00
47.00
85.00
44.00
35.00
25.00
41.00
41.00
25.00
71.00
85.00
88.00
67.00
33.00
27.00
44.00
83.00
45.00
84.00
84.00
62.00
30.00
43.00
35.00
74.00
23.00
65.00
38.00
27.00
70.00
63.00
81.00
78.00
31.00
40.00
23.00
32.00
38.00
92.00
100.00
31.00
54.00
70.00
48.00
20.00
36.00
78.00
73.00
90.00
54.00
100.00
60.00
67.00
69.00
79.00
24.00
67.00
87.00
39.00
30.00
91.00
26.00
41.00
36.00
75.00
75.00
96.00
20.00
47.00
27.00
28.00
51.00
75.00
28.00
42.00
67.00
70.00
47.00
20.00
71.00
81.00
66.00
24.00
95.00
87.00
78.00
55.00
75.00
58.00
81.00
54.00
94.00
93.00
45.00
91.00
100.00
48.00
62.00
44.00
51.00
94.00
96.00
74.00
81.00
31.00
71.00
37.00
88.00
26.00
83.00
74.00
31.00
48.00
70.00
27.00
46.00
27.00
96.00
36.00
52.00
75.00
22.00
92.00
29.00
68.00
64.00
21.00
76.00
40.00
97.00
73.00
95.00
45.00
26.00
47.00
51.00
78.00
89.00
23.00
61.00
23.00
74.00
31.00
97.00
56.00
74.00
100.00
21.00
51.00
45.00
40.00
50.00
94.00
55.00
77.00
60.00
21.00
91.00
37.00
80.00
52.00
91.00
57.00
64.00
60.00
35.00
93.00
43.00
63.00
31.00
32.00
21.00
55.00
80.00
81.00
26.00
39.00
61.00
99.00
94.00
80.00
41.00
96.00
62.00
39.00
62.00
23.00
34.00
45.00
58.00
69.00
48.00
32.00
96.00
25.00
73.00
76.00
99.00
35.00
92.00
71.00
28.00
75.00
91.00
42.00
64.00
91.00
56.00
43.00
78.00
51.00
63.00
49.00
32.00
25.00
70.00
72.00
66.00
21.00
26.00
87.00
50.00
85.00
66.00
41.00
26.00
100.00
82.00
73.00
60.00
57.00
90.00
20.00
35.00
67.00
39.00
32.00
31.00
90.00
43.00
25.00
54.00
93.00
50.00
35.00
51.00
91.00
48.00
22.00
95.00
96.00
100.00
22.00
72.00
98.00
46.00
94.00
41.00
62.00
21.00
48.00
89.00
29.00
79.00
88.00
90.00
66.00
82.00
50.00
98.00
71.00
31.00
52.00
26.00
63.00
70.00
33.00
74.00
86.00
72.00
67.00
52.00
53.00
57.00
63.00
36.00
78.00
41.00
69.00
44.00
44.00
66.00
46.00
68.00
99.00
52.00
98.00
52.00
69.00
37.00
47.00
23.00
28.00
49.00
61.00
44.00
55.00
97.00
55.00
49.00
79.00
78.00
22.00
35.00
78.00
100.00
25.00
62.00
43.00
63.00
49.00
75.00
33.00
36.00
44.00
72.00
92.00
61.00
94.00
43.00
89.00
56.00
34.00
37.00
77.00
36.00
68.00
92.00
31.00
38.00
89.00
67.00
96.00
79.00
51.00
99.00
59.00
82.00
64.00
95.00
48.00
51.00
95.00
65.00
73.00
81.00
72.00
59.00
84.00
25.00
78.00
73.00
51.00
