//Number of items      
500
//Bin Capacity         
150.00
//Known Best Solution  
198
//Weight of Item		  
42.00
69.00
67.00
57.00
93.00
90.00
38.00
36.00
45.00
42.00
33.00
79.00
27.00
57.00
44.00
84.00
86.00
92.00
46.00
38.00
85.00
33.00
82.00
73.00
49.00
70.00
59.00
23.00
57.00
72.00
74.00
69.00
33.00
42.00
28.00
46.00
30.00
64.00
29.00
74.00
41.00
49.00
55.00
98.00
80.00
32.00
25.00
38.00
82.00
30.00
35.00
39.00
57.00
84.00
62.00
50.00
55.00
27.00
30.00
36.00
20.00
78.00
47.00
26.00
45.00
41.00
58.00
98.00
91.00
96.00
73.00
84.00
37.00
93.00
91.00
43.00
73.00
85.00
81.00
79.00
71.00
80.00
76.00
83.00
41.00
78.00
70.00
23.00
42.00
87.00
43.00
84.00
60.00
55.00
49.00
78.00
73.00
62.00
36.00
44.00
94.00
69.00
32.00
96.00
70.00
84.00
58.00
78.00
25.00
80.00
58.00
66.00
83.00
24.00
98.00
60.00
42.00
43.00
43.00
39.00
97.00
57.00
81.00
62.00
75.00
81.00
23.00
43.00
50.00
38.00
60.00
58.00
70.00
88.00
36.00
90.00
37.00
45.00
45.00
39.00
44.00
53.00
70.00
24.00
82.00
81.00
47.00
97.00
35.00
65.00
74.00
68.00
49.00
55.00
52.00
94.00
95.00
29.00
99.00
20.00
22.00
25.00
49.00
46.00
98.00
59.00
98.00
60.00
23.00
72.00
33.00
98.00
80.00
95.00
78.00
57.00
67.00
53.00
47.00
53.00
36.00
38.00
92.00
30.00
80.00
32.00
97.00
39.00
80.00
72.00
55.00
41.00
60.00
67.00
53.00
65.00
95.00
20.00
66.00
78.00
98.00
47.00
100.00
85.00
53.00
53.00
67.00
27.00
22.00
61.00
43.00
52.00
76.00
64.00
61.00
29.00
30.00
46.00
79.00
66.00
27.00
79.00
98.00
90.00
22.00
75.00
57.00
67.00
36.00
70.00
99.00
48.00
43.00
45.00
71.00
100.00
88.00
48.00
27.00
39.00
38.00
100.00
60.00
42.00
20.00
69.00
24.00
23.00
92.00
32.00
84.00
36.00
65.00
84.00
34.00
68.00
64.00
33.00
69.00
27.00
47.00
21.00
85.00
88.00
59.00
61.00
50.00
53.00
37.00
75.00
64.00
84.00
74.00
57.00
83.00
28.00
31.00
97.00
61.00
36.00
46.00
37.00
96.00
80.00
53.00
51.00
68.00
90.00
64.00
81.00
66.00
67.00
80.00
37.00
92.00
67.00
64.00
31.00
94.00
45.00
80.00
28.00
76.00
29.00
64.00
38.00
48.00
40.00
29.00
44.00
81.00
35.00
51.00
48.00
67.00
24.00
46.00
38.00
76.00
22.00
30.00
67.00
45.00
41.00
29.00
41.00
79.00
21.00
25.00
90.00
62.00
34.00
73.00
50.00
79.00
66.00
59.00
42.00
90.00
79.00
70.00
66.00
80.00
35.00
62.00
98.00
97.00
37.00
32.00
75.00
91.00
91.00
48.00
26.00
23.00
32.00
100.00
46.00
29.00
26.00
29.00
26.00
83.00
82.00
92.00
95.00
87.00
63.00
57.00
100.00
63.00
65.00
81.00
46.00
42.00
95.00
90.00
80.00
53.00
27.00
84.00
40.00
22.00
97.00
20.00
73.00
63.00
95.00
46.00
42.00
47.00
40.00
26.00
88.00
49.00
24.00
92.00
87.00
68.00
95.00
34.00
82.00
84.00
43.00
54.00
73.00
66.00
32.00
62.00
48.00
99.00
90.00
86.00
28.00
25.00
25.00
89.00
67.00
96.00
35.00
33.00
70.00
40.00
59.00
32.00
94.00
34.00
86.00
35.00
45.00
25.00
76.00
80.00
42.00
91.00
44.00
91.00
97.00
60.00
29.00
45.00
37.00
61.00
54.00
78.00
56.00
74.00
74.00
45.00
21.00
96.00
37.00
75.00
100.00
58.00
84.00
85.00
56.00
54.00
71.00
52.00
79.00
43.00
35.00
27.00
70.00
31.00
47.00
35.00
26.00
30.00
97.00
90.00
80.00
58.00
60.00
73.00
46.00
71.00
39.00
42.00
98.00
27.00
21.00
71.00
71.00
78.00
76.00
57.00
24.00
91.00
84.00
35.00
25.00
77.00
96.00
97.00
89.00
30.00
86.00
