//Number of items      
500
//Bin Capacity         
150.00
//Known Best Solution  
204
//Weight of Item		  
36.00
35.00
92.00
88.00
49.00
89.00
23.00
86.00
80.00
65.00
21.00
47.00
55.00
27.00
99.00
35.00
40.00
88.00
45.00
90.00
54.00
40.00
24.00
41.00
91.00
73.00
99.00
59.00
96.00
85.00
72.00
32.00
20.00
36.00
61.00
36.00
39.00
24.00
50.00
94.00
22.00
63.00
45.00
48.00
27.00
56.00
51.00
56.00
83.00
41.00
49.00
70.00
90.00
75.00
85.00
58.00
47.00
98.00
26.00
44.00
31.00
32.00
36.00
74.00
48.00
34.00
96.00
36.00
96.00
35.00
39.00
59.00
38.00
52.00
34.00
96.00
45.00
77.00
29.00
59.00
76.00
48.00
95.00
78.00
77.00
60.00
66.00
68.00
22.00
34.00
46.00
73.00
92.00
20.00
34.00
39.00
76.00
100.00
76.00
24.00
42.00
79.00
72.00
74.00
69.00
27.00
69.00
26.00
97.00
71.00
78.00
67.00
42.00
62.00
97.00
20.00
43.00
79.00
30.00
81.00
69.00
33.00
47.00
58.00
83.00
28.00
20.00
48.00
29.00
76.00
21.00
69.00
71.00
93.00
67.00
40.00
74.00
49.00
51.00
71.00
27.00
47.00
28.00
100.00
74.00
74.00
95.00
23.00
63.00
38.00
35.00
78.00
27.00
76.00
52.00
93.00
32.00
38.00
71.00
64.00
83.00
49.00
44.00
66.00
100.00
21.00
97.00
95.00
51.00
55.00
97.00
28.00
77.00
98.00
65.00
20.00
44.00
60.00
38.00
31.00
61.00
81.00
97.00
31.00
41.00
92.00
26.00
96.00
48.00
52.00
49.00
47.00
42.00
53.00
82.00
99.00
90.00
20.00
41.00
88.00
21.00
94.00
87.00
50.00
61.00
84.00
62.00
54.00
89.00
69.00
43.00
52.00
42.00
93.00
64.00
85.00
86.00
42.00
64.00
44.00
45.00
82.00
20.00
87.00
27.00
29.00
75.00
55.00
97.00
20.00
86.00
48.00
24.00
38.00
56.00
25.00
70.00
80.00
78.00
21.00
62.00
64.00
48.00
69.00
22.00
87.00
61.00
58.00
77.00
41.00
86.00
95.00
58.00
65.00
88.00
62.00
96.00
79.00
30.00
100.00
56.00
79.00
49.00
68.00
55.00
82.00
45.00
100.00
92.00
20.00
49.00
69.00
67.00
74.00
44.00
61.00
20.00
86.00
52.00
89.00
83.00
78.00
100.00
25.00
100.00
73.00
21.00
100.00
52.00
47.00
48.00
95.00
71.00
22.00
79.00
97.00
50.00
85.00
68.00
44.00
74.00
74.00
75.00
23.00
52.00
83.00
76.00
93.00
100.00
85.00
77.00
78.00
30.00
78.00
89.00
45.00
56.00
73.00
81.00
53.00
91.00
52.00
44.00
80.00
47.00
56.00
70.00
30.00
52.00
52.00
47.00
95.00
98.00
75.00
81.00
76.00
21.00
62.00
51.00
57.00
56.00
56.00
46.00
54.00
36.00
100.00
62.00
51.00
75.00
35.00
72.00
47.00
27.00
86.00
27.00
33.00
25.00
30.00
72.00
98.00
52.00
34.00
31.00
21.00
36.00
61.00
41.00
57.00
81.00
20.00
47.00
26.00
47.00
96.00
39.00
80.00
90.00
96.00
78.00
46.00
92.00
31.00
83.00
91.00
68.00
85.00
73.00
49.00
46.00
90.00
59.00
84.00
25.00
23.00
49.00
98.00
25.00
87.00
75.00
32.00
95.00
39.00
44.00
100.00
40.00
69.00
75.00
25.00
71.00
97.00
91.00
62.00
26.00
96.00
69.00
76.00
83.00
64.00
25.00
63.00
33.00
30.00
77.00
51.00
100.00
84.00
22.00
60.00
37.00
52.00
58.00
75.00
99.00
98.00
35.00
71.00
43.00
21.00
64.00
69.00
62.00
81.00
71.00
96.00
73.00
76.00
74.00
100.00
95.00
70.00
59.00
44.00
88.00
100.00
45.00
73.00
57.00
70.00
93.00
66.00
95.00
34.00
34.00
62.00
95.00
60.00
26.00
33.00
74.00
82.00
62.00
46.00
87.00
26.00
93.00
61.00
38.00
73.00
92.00
93.00
57.00
98.00
97.00
24.00
67.00
71.00
82.00
56.00
81.00
34.00
56.00
55.00
60.00
37.00
31.00
66.00
93.00
96.00
45.00
32.00
