//Number of items      
500
//Bin Capacity         
150.00
//Known Best Solution  
200
//Weight of Item		  
36.00
76.00
68.00
31.00
48.00
56.00
67.00
48.00
32.00
46.00
89.00
40.00
48.00
39.00
63.00
74.00
54.00
80.00
26.00
40.00
74.00
99.00
70.00
66.00
89.00
79.00
20.00
87.00
94.00
76.00
90.00
84.00
25.00
93.00
88.00
28.00
50.00
77.00
82.00
96.00
80.00
82.00
83.00
39.00
50.00
35.00
38.00
40.00
91.00
84.00
74.00
96.00
25.00
70.00
38.00
77.00
35.00
71.00
31.00
98.00
73.00
31.00
51.00
34.00
35.00
40.00
68.00
100.00
33.00
52.00
73.00
39.00
30.00
82.00
40.00
32.00
88.00
58.00
62.00
79.00
22.00
45.00
91.00
69.00
61.00
83.00
49.00
87.00
33.00
54.00
97.00
100.00
28.00
61.00
53.00
80.00
81.00
68.00
93.00
87.00
72.00
31.00
61.00
53.00
42.00
24.00
71.00
75.00
25.00
59.00
40.00
70.00
67.00
43.00
72.00
91.00
55.00
82.00
96.00
28.00
68.00
46.00
45.00
95.00
83.00
100.00
39.00
40.00
35.00
72.00
28.00
58.00
91.00
95.00
61.00
72.00
65.00
47.00
53.00
45.00
84.00
80.00
85.00
99.00
67.00
39.00
72.00
83.00
56.00
27.00
86.00
45.00
50.00
52.00
90.00
70.00
52.00
45.00
81.00
23.00
38.00
60.00
31.00
58.00
51.00
74.00
42.00
79.00
22.00
28.00
52.00
34.00
67.00
85.00
57.00
49.00
24.00
90.00
75.00
60.00
32.00
84.00
89.00
71.00
92.00
69.00
57.00
35.00
70.00
57.00
32.00
48.00
94.00
79.00
37.00
77.00
49.00
72.00
89.00
91.00
42.00
82.00
52.00
46.00
46.00
96.00
97.00
87.00
73.00
55.00
89.00
67.00
43.00
28.00
91.00
88.00
74.00
49.00
71.00
20.00
37.00
20.00
41.00
98.00
41.00
36.00
82.00
87.00
23.00
31.00
86.00
92.00
23.00
31.00
71.00
100.00
34.00
27.00
24.00
54.00
21.00
60.00
87.00
77.00
24.00
100.00
35.00
76.00
90.00
87.00
64.00
37.00
69.00
74.00
76.00
89.00
53.00
76.00
86.00
72.00
88.00
62.00
73.00
100.00
61.00
57.00
55.00
76.00
41.00
45.00
93.00
42.00
21.00
68.00
68.00
56.00
56.00
47.00
95.00
23.00
68.00
77.00
40.00
74.00
79.00
88.00
69.00
82.00
56.00
89.00
80.00
49.00
24.00
57.00
40.00
20.00
24.00
77.00
47.00
75.00
47.00
39.00
27.00
63.00
93.00
64.00
84.00
63.00
85.00
52.00
41.00
28.00
72.00
63.00
46.00
24.00
71.00
22.00
67.00
28.00
46.00
47.00
64.00
54.00
78.00
32.00
63.00
82.00
25.00
97.00
66.00
66.00
38.00
37.00
33.00
78.00
76.00
35.00
49.00
68.00
34.00
99.00
90.00
82.00
41.00
81.00
67.00
82.00
50.00
46.00
75.00
85.00
38.00
62.00
51.00
98.00
92.00
56.00
91.00
67.00
26.00
67.00
26.00
71.00
81.00
74.00
36.00
70.00
48.00
27.00
42.00
94.00
39.00
54.00
82.00
49.00
58.00
27.00
33.00
26.00
32.00
23.00
52.00
74.00
35.00
46.00
37.00
57.00
37.00
90.00
20.00
40.00
29.00
43.00
23.00
58.00
99.00
83.00
73.00
38.00
21.00
47.00
84.00
22.00
63.00
93.00
61.00
74.00
73.00
48.00
42.00
52.00
77.00
31.00
76.00
33.00
28.00
54.00
71.00
66.00
93.00
69.00
78.00
37.00
93.00
43.00
44.00
51.00
96.00
44.00
94.00
91.00
84.00
49.00
98.00
46.00
57.00
27.00
65.00
30.00
20.00
29.00
51.00
99.00
97.00
74.00
98.00
37.00
38.00
21.00
56.00
91.00
42.00
49.00
39.00
44.00
26.00
66.00
55.00
63.00
76.00
22.00
54.00
31.00
20.00
63.00
50.00
55.00
83.00
89.00
89.00
63.00
98.00
86.00
67.00
85.00
81.00
45.00
64.00
44.00
23.00
25.00
77.00
62.00
34.00
72.00
77.00
91.00
62.00
25.00
72.00
38.00
24.00
25.00
98.00
84.00
54.00
20.00
58.00
38.00
