//Number of items      
500
//Bin Capacity         
150.00
//Known Best Solution  
196
//Weight of Item		  
73.00
99.00
36.00
56.00
65.00
46.00
60.00
32.00
77.00
41.00
32.00
94.00
77.00
63.00
35.00
78.00
24.00
95.00
96.00
81.00
86.00
75.00
36.00
21.00
48.00
28.00
95.00
62.00
91.00
40.00
26.00
88.00
43.00
45.00
22.00
54.00
28.00
48.00
88.00
80.00
35.00
81.00
69.00
94.00
96.00
95.00
67.00
30.00
29.00
59.00
40.00
65.00
31.00
74.00
39.00
57.00
95.00
46.00
32.00
82.00
55.00
36.00
47.00
85.00
80.00
36.00
31.00
40.00
82.00
53.00
59.00
57.00
31.00
82.00
72.00
38.00
69.00
53.00
74.00
79.00
97.00
42.00
49.00
74.00
86.00
37.00
89.00
63.00
75.00
84.00
38.00
42.00
59.00
80.00
23.00
20.00
95.00
46.00
98.00
97.00
64.00
66.00
84.00
24.00
25.00
20.00
68.00
32.00
38.00
48.00
27.00
74.00
86.00
54.00
81.00
73.00
77.00
40.00
48.00
81.00
86.00
59.00
87.00
60.00
27.00
81.00
22.00
29.00
62.00
41.00
76.00
57.00
31.00
79.00
30.00
83.00
29.00
65.00
97.00
49.00
52.00
42.00
20.00
85.00
89.00
93.00
39.00
29.00
33.00
21.00
26.00
73.00
28.00
28.00
38.00
33.00
96.00
50.00
73.00
53.00
31.00
100.00
27.00
85.00
37.00
42.00
79.00
60.00
95.00
21.00
87.00
34.00
46.00
88.00
57.00
41.00
66.00
38.00
79.00
27.00
85.00
72.00
83.00
82.00
94.00
56.00
24.00
83.00
32.00
49.00
78.00
30.00
33.00
50.00
37.00
49.00
25.00
44.00
86.00
22.00
54.00
38.00
81.00
77.00
39.00
47.00
22.00
51.00
40.00
70.00
83.00
86.00
69.00
73.00
31.00
80.00
84.00
70.00
55.00
68.00
27.00
25.00
25.00
27.00
48.00
30.00
83.00
42.00
26.00
63.00
72.00
74.00
83.00
55.00
36.00
44.00
95.00
81.00
73.00
53.00
63.00
47.00
88.00
86.00
48.00
21.00
89.00
74.00
70.00
63.00
56.00
68.00
67.00
56.00
44.00
64.00
75.00
96.00
80.00
58.00
75.00
50.00
43.00
42.00
31.00
94.00
64.00
77.00
89.00
30.00
45.00
74.00
53.00
57.00
56.00
47.00
31.00
55.00
58.00
28.00
72.00
27.00
35.00
68.00
68.00
82.00
67.00
47.00
24.00
49.00
40.00
67.00
96.00
80.00
88.00
39.00
93.00
32.00
47.00
81.00
99.00
38.00
51.00
97.00
31.00
55.00
40.00
63.00
93.00
78.00
30.00
39.00
55.00
67.00
24.00
72.00
71.00
43.00
31.00
79.00
77.00
42.00
73.00
62.00
93.00
90.00
50.00
98.00
36.00
76.00
72.00
35.00
48.00
53.00
33.00
64.00
51.00
32.00
82.00
68.00
55.00
51.00
84.00
72.00
50.00
30.00
21.00
25.00
43.00
55.00
56.00
65.00
73.00
24.00
100.00
21.00
47.00
97.00
90.00
83.00
75.00
43.00
61.00
51.00
32.00
74.00
63.00
91.00
21.00
92.00
71.00
74.00
42.00
100.00
21.00
63.00
72.00
42.00
54.00
57.00
42.00
81.00
68.00
79.00
38.00
47.00
21.00
22.00
55.00
61.00
40.00
35.00
76.00
83.00
100.00
31.00
62.00
36.00
75.00
82.00
50.00
80.00
38.00
68.00
21.00
84.00
72.00
67.00
84.00
98.00
39.00
68.00
86.00
63.00
98.00
67.00
75.00
37.00
35.00
41.00
63.00
67.00
57.00
26.00
53.00
36.00
56.00
92.00
89.00
76.00
49.00
23.00
23.00
49.00
24.00
56.00
74.00
34.00
64.00
100.00
82.00
25.00
30.00
72.00
82.00
68.00
67.00
57.00
57.00
40.00
33.00
40.00
27.00
52.00
89.00
52.00
97.00
31.00
48.00
50.00
57.00
37.00
77.00
32.00
97.00
67.00
93.00
70.00
20.00
38.00
71.00
49.00
78.00
40.00
94.00
21.00
66.00
96.00
86.00
85.00
99.00
79.00
85.00
77.00
68.00
37.00
41.00
68.00
27.00
100.00
96.00
74.00
46.00
79.00
43.00
59.00
50.00
39.00
42.00
80.00
