//Number of items      
500
//Bin Capacity         
150.00
//Known Best Solution  
201
//Weight of Item		  
77.00
34.00
89.00
26.00
27.00
50.00
36.00
44.00
87.00
37.00
71.00
26.00
50.00
47.00
70.00
91.00
76.00
99.00
21.00
32.00
81.00
51.00
45.00
63.00
90.00
35.00
38.00
82.00
55.00
48.00
52.00
42.00
84.00
74.00
75.00
80.00
43.00
29.00
82.00
77.00
43.00
93.00
75.00
46.00
45.00
61.00
88.00
28.00
70.00
96.00
98.00
33.00
56.00
34.00
49.00
74.00
67.00
63.00
42.00
68.00
93.00
29.00
27.00
30.00
50.00
89.00
26.00
36.00
71.00
32.00
28.00
49.00
83.00
52.00
55.00
81.00
83.00
25.00
42.00
56.00
88.00
42.00
91.00
48.00
54.00
42.00
74.00
88.00
72.00
30.00
61.00
20.00
61.00
22.00
44.00
89.00
55.00
54.00
33.00
54.00
79.00
32.00
89.00
74.00
37.00
56.00
60.00
34.00
75.00
62.00
68.00
84.00
58.00
34.00
33.00
37.00
75.00
51.00
61.00
91.00
79.00
38.00
34.00
64.00
85.00
83.00
75.00
32.00
31.00
35.00
56.00
45.00
24.00
82.00
51.00
42.00
63.00
69.00
74.00
85.00
35.00
43.00
49.00
47.00
26.00
68.00
99.00
32.00
70.00
62.00
89.00
81.00
65.00
56.00
57.00
73.00
67.00
61.00
21.00
35.00
31.00
74.00
50.00
87.00
81.00
98.00
46.00
76.00
39.00
51.00
24.00
57.00
87.00
26.00
36.00
98.00
56.00
66.00
61.00
31.00
46.00
71.00
88.00
48.00
58.00
47.00
51.00
93.00
64.00
29.00
93.00
72.00
82.00
61.00
90.00
93.00
59.00
68.00
50.00
65.00
100.00
63.00
40.00
51.00
50.00
74.00
63.00
56.00
51.00
89.00
97.00
69.00
87.00
24.00
89.00
42.00
86.00
55.00
29.00
87.00
33.00
21.00
22.00
85.00
42.00
98.00
46.00
68.00
28.00
63.00
66.00
89.00
90.00
58.00
48.00
88.00
66.00
62.00
99.00
80.00
79.00
82.00
52.00
71.00
52.00
21.00
20.00
45.00
70.00
87.00
35.00
56.00
88.00
59.00
89.00
42.00
30.00
98.00
65.00
88.00
88.00
88.00
22.00
48.00
77.00
69.00
83.00
78.00
93.00
70.00
85.00
65.00
100.00
44.00
93.00
71.00
38.00
29.00
28.00
72.00
49.00
55.00
64.00
52.00
75.00
68.00
65.00
55.00
43.00
69.00
89.00
34.00
85.00
73.00
38.00
20.00
41.00
79.00
63.00
82.00
34.00
45.00
63.00
53.00
34.00
65.00
98.00
78.00
40.00
91.00
23.00
69.00
32.00
79.00
69.00
80.00
35.00
100.00
98.00
56.00
93.00
100.00
55.00
27.00
42.00
90.00
75.00
69.00
24.00
100.00
66.00
55.00
64.00
91.00
44.00
65.00
92.00
50.00
63.00
88.00
86.00
35.00
67.00
89.00
83.00
87.00
85.00
65.00
78.00
59.00
72.00
77.00
26.00
23.00
64.00
37.00
25.00
87.00
37.00
76.00
57.00
57.00
33.00
20.00
63.00
90.00
66.00
27.00
53.00
25.00
26.00
67.00
57.00
45.00
32.00
49.00
53.00
95.00
56.00
21.00
89.00
21.00
46.00
88.00
30.00
78.00
79.00
24.00
30.00
85.00
43.00
59.00
67.00
30.00
78.00
52.00
92.00
44.00
95.00
39.00
90.00
77.00
90.00
65.00
38.00
98.00
80.00
78.00
20.00
99.00
46.00
36.00
71.00
73.00
62.00
48.00
36.00
66.00
75.00
34.00
93.00
53.00
32.00
35.00
69.00
39.00
96.00
57.00
42.00
71.00
76.00
31.00
81.00
22.00
47.00
42.00
48.00
31.00
80.00
55.00
52.00
21.00
80.00
44.00
83.00
71.00
43.00
91.00
88.00
96.00
48.00
77.00
66.00
29.00
77.00
60.00
75.00
70.00
65.00
30.00
76.00
71.00
55.00
67.00
56.00
88.00
78.00
54.00
58.00
51.00
28.00
73.00
32.00
77.00
45.00
53.00
21.00
91.00
30.00
50.00
57.00
37.00
87.00
39.00
33.00
49.00
99.00
69.00
74.00
85.00
46.00
85.00
51.00
61.00
40.00
32.00
52.00
68.00
74.00
63.00
